  -0.23025851E+02   0.10000000E-09   0.15680722E-12   0.10000000E+11
  -0.23002802E+02   0.10233166E-09   0.10961035E-05   0.97721470E+10
  -0.22979753E+02   0.10471768E-09   0.22177643E-05   0.95494856E+10
  -0.22956704E+02   0.10715934E-09   0.33655783E-05   0.93318977E+10
  -0.22933655E+02   0.10965793E-09   0.45401554E-05   0.91192676E+10
  -0.22910606E+02   0.11221478E-09   0.57421197E-05   0.89114823E+10
  -0.22887558E+02   0.11483124E-09   0.69721096E-05   0.87084315E+10
  -0.22864509E+02   0.11750871E-09   0.82307787E-05   0.85100072E+10
  -0.22841460E+02   0.12024861E-09   0.95187956E-05   0.83161042E+10
  -0.22818411E+02   0.12305240E-09   0.10836845E-04   0.81266192E+10
  -0.22795362E+02   0.12592156E-09   0.12185626E-04   0.79414517E+10
  -0.22772313E+02   0.12885762E-09   0.13565857E-04   0.77605033E+10
  -0.22749264E+02   0.13186214E-09   0.14978269E-04   0.75836779E+10
  -0.22726215E+02   0.13493671E-09   0.16423615E-04   0.74108815E+10
  -0.22703166E+02   0.13808298E-09   0.17902660E-04   0.72420223E+10
  -0.22680117E+02   0.14130260E-09   0.19416192E-04   0.70770107E+10
  -0.22657069E+02   0.14459729E-09   0.20965015E-04   0.69157588E+10
  -0.22634020E+02   0.14796881E-09   0.22549951E-04   0.67581812E+10
  -0.22610971E+02   0.15141893E-09   0.24171842E-04   0.66041940E+10
  -0.22587922E+02   0.15494950E-09   0.25831549E-04   0.64537154E+10
  -0.22564873E+02   0.15856240E-09   0.27529956E-04   0.63066655E+10
  -0.22541824E+02   0.16225953E-09   0.29267964E-04   0.61629663E+10
  -0.22518775E+02   0.16604287E-09   0.31046496E-04   0.60225412E+10
  -0.22495726E+02   0.16991442E-09   0.32866497E-04   0.58853158E+10
  -0.22472677E+02   0.17387624E-09   0.34728934E-04   0.57512171E+10
  -0.22449628E+02   0.17793044E-09   0.36634797E-04   0.56201738E+10
  -0.22426580E+02   0.18207917E-09   0.38585099E-04   0.54921165E+10
  -0.22403531E+02   0.18632463E-09   0.40580874E-04   0.53669769E+10
  -0.22380482E+02   0.19066908E-09   0.42623185E-04   0.52446887E+10
  -0.22357433E+02   0.19511483E-09   0.44713115E-04   0.51251869E+10
  -0.22334384E+02   0.19966425E-09   0.46851775E-04   0.50084080E+10
  -0.22311335E+02   0.20431973E-09   0.49040301E-04   0.48942899E+10
  -0.22288286E+02   0.20908377E-09   0.51279856E-04   0.47827720E+10
  -0.22265237E+02   0.21395889E-09   0.53571630E-04   0.46737951E+10
  -0.22242188E+02   0.21894768E-09   0.55916840E-04   0.45673013E+10
  -0.22219139E+02   0.22405279E-09   0.58316732E-04   0.44632339E+10
  -0.22196091E+02   0.22927693E-09   0.60772582E-04   0.43615378E+10
  -0.22173042E+02   0.23462288E-09   0.63285693E-04   0.42621588E+10
  -0.22149993E+02   0.24009349E-09   0.65857402E-04   0.41650442E+10
  -0.22126944E+02   0.24569165E-09   0.68489074E-04   0.40701425E+10
  -0.22103895E+02   0.25142033E-09   0.71182108E-04   0.39774030E+10
  -0.22080846E+02   0.25728260E-09   0.73937934E-04   0.38867767E+10
  -0.22057797E+02   0.26328155E-09   0.76758017E-04   0.37982153E+10
  -0.22034748E+02   0.26942037E-09   0.79643854E-04   0.37116718E+10
  -0.22011699E+02   0.27570233E-09   0.82596979E-04   0.36271003E+10
  -0.21988650E+02   0.28213077E-09   0.85618961E-04   0.35444557E+10
  -0.21965602E+02   0.28870909E-09   0.88711405E-04   0.34636942E+10
  -0.21942553E+02   0.29544080E-09   0.91875954E-04   0.33847729E+10
  -0.21919504E+02   0.30232947E-09   0.95114289E-04   0.33076498E+10
  -0.21896455E+02   0.30937876E-09   0.98428132E-04   0.32322840E+10
  -0.21873406E+02   0.31659241E-09   0.10181924E-03   0.31586354E+10
  -0.21850357E+02   0.32397426E-09   0.10528942E-03   0.30866649E+10
  -0.21827308E+02   0.33152823E-09   0.10884051E-03   0.30163343E+10
  -0.21804259E+02   0.33925834E-09   0.11247440E-03   0.29476063E+10
  -0.21781210E+02   0.34716868E-09   0.11619302E-03   0.28804442E+10
  -0.21758161E+02   0.35526347E-09   0.11999835E-03   0.28148124E+10
  -0.21735113E+02   0.36354700E-09   0.12389240E-03   0.27506760E+10
  -0.21712064E+02   0.37202367E-09   0.12787725E-03   0.26880010E+10
  -0.21689015E+02   0.38069799E-09   0.13195501E-03   0.26267541E+10
  -0.21665966E+02   0.38957456E-09   0.13612786E-03   0.25669027E+10
  -0.21642917E+02   0.39865811E-09   0.14039799E-03   0.25084151E+10
  -0.21619868E+02   0.40795345E-09   0.14476770E-03   0.24512601E+10
  -0.21596819E+02   0.41746553E-09   0.14923929E-03   0.23954074E+10
  -0.21573770E+02   0.42719940E-09   0.15381514E-03   0.23408273E+10
  -0.21550721E+02   0.43716022E-09   0.15849768E-03   0.22874908E+10
  -0.21527672E+02   0.44735331E-09   0.16328941E-03   0.22353696E+10
  -0.21504624E+02   0.45778405E-09   0.16819286E-03   0.21844361E+10
  -0.21481575E+02   0.46845801E-09   0.17321064E-03   0.21346630E+10
  -0.21458526E+02   0.47938085E-09   0.17834542E-03   0.20860241E+10
  -0.21435477E+02   0.49055837E-09   0.18359993E-03   0.20384934E+10
  -0.21412428E+02   0.50199651E-09   0.18897695E-03   0.19920457E+10
  -0.21389379E+02   0.51370135E-09   0.19447935E-03   0.19466563E+10
  -0.21366330E+02   0.52567911E-09   0.20011004E-03   0.19023012E+10
  -0.21343281E+02   0.53793615E-09   0.20587203E-03   0.18589567E+10
  -0.21320232E+02   0.55047898E-09   0.21176836E-03   0.18165998E+10
  -0.21297183E+02   0.56331427E-09   0.21780217E-03   0.17752080E+10
  -0.21274135E+02   0.57644883E-09   0.22397667E-03   0.17347594E+10
  -0.21251086E+02   0.58988964E-09   0.23029514E-03   0.16952323E+10
  -0.21228037E+02   0.60364385E-09   0.23676094E-03   0.16566060E+10
  -0.21204988E+02   0.61771876E-09   0.24337749E-03   0.16188597E+10
  -0.21181939E+02   0.63212185E-09   0.25014833E-03   0.15819735E+10
  -0.21158890E+02   0.64686077E-09   0.25707703E-03   0.15459277E+10
  -0.21135841E+02   0.66194335E-09   0.26416728E-03   0.15107033E+10
  -0.21112792E+02   0.67737760E-09   0.27142286E-03   0.14762815E+10
  -0.21089743E+02   0.69317173E-09   0.27884761E-03   0.14426440E+10
  -0.21066694E+02   0.70933412E-09   0.28644548E-03   0.14097729E+10
  -0.21043646E+02   0.72587337E-09   0.29422051E-03   0.13776508E+10
  -0.21020597E+02   0.74279825E-09   0.30217683E-03   0.13462606E+10
  -0.20997548E+02   0.76011776E-09   0.31031865E-03   0.13155856E+10
  -0.20974499E+02   0.77784111E-09   0.31865032E-03   0.12856096E+10
  -0.20951450E+02   0.79597770E-09   0.32717625E-03   0.12563166E+10
  -0.20928401E+02   0.81453718E-09   0.33590098E-03   0.12276910E+10
  -0.20905352E+02   0.83352940E-09   0.34482914E-03   0.11997177E+10
  -0.20882303E+02   0.85296445E-09   0.35396547E-03   0.11723818E+10
  -0.20859254E+02   0.87285266E-09   0.36331484E-03   0.11456687E+10
  -0.20836205E+02   0.89320460E-09   0.37288219E-03   0.11195643E+10
  -0.20813157E+02   0.91403107E-09   0.38267262E-03   0.10940547E+10
  -0.20790108E+02   0.93534315E-09   0.39269134E-03   0.10691263E+10
  -0.20767059E+02   0.95715215E-09   0.40294365E-03   0.10447660E+10
  -0.20744010E+02   0.97946967E-09   0.41343501E-03   0.10209607E+10
  -0.20720961E+02   0.10023075E-08   0.42417100E-03   0.99769776E+09
  -0.20697912E+02   0.10256779E-08   0.43515731E-03   0.97496492E+09
  -0.20674863E+02   0.10495932E-08   0.44639978E-03   0.95275005E+09
  -0.20651814E+02   0.10740662E-08   0.45790439E-03   0.93104135E+09
  -0.20628765E+02   0.10991097E-08   0.46967725E-03   0.90982729E+09
  -0.20605716E+02   0.11247372E-08   0.48172460E-03   0.88909660E+09
  -0.20582668E+02   0.11509622E-08   0.49405287E-03   0.86883826E+09
  -0.20559619E+02   0.11777987E-08   0.50666858E-03   0.84904152E+09
  -0.20536570E+02   0.12052609E-08   0.51957845E-03   0.82969585E+09
  -0.20513521E+02   0.12333635E-08   0.53278933E-03   0.81079098E+09
  -0.20490472E+02   0.12621213E-08   0.54630824E-03   0.79231686E+09
  -0.20467423E+02   0.12915497E-08   0.56014237E-03   0.77426368E+09
  -0.20444374E+02   0.13216642E-08   0.57429906E-03   0.75662185E+09
  -0.20421325E+02   0.13524809E-08   0.58878584E-03   0.73938199E+09
  -0.20398276E+02   0.13840161E-08   0.60361040E-03   0.72253495E+09
  -0.20375227E+02   0.14162866E-08   0.61878061E-03   0.70607177E+09
  -0.20352179E+02   0.14493096E-08   0.63430454E-03   0.68998371E+09
  -0.20329130E+02   0.14831025E-08   0.65019044E-03   0.67426222E+09
  -0.20306081E+02   0.15176834E-08   0.66644674E-03   0.65889895E+09
  -0.20283032E+02   0.15530706E-08   0.68308208E-03   0.64388574E+09
  -0.20259983E+02   0.15892829E-08   0.70010530E-03   0.62921461E+09
  -0.20236934E+02   0.16263395E-08   0.71752544E-03   0.61487776E+09
  -0.20213885E+02   0.16642602E-08   0.73535176E-03   0.60086759E+09
  -0.20190836E+02   0.17030650E-08   0.75359372E-03   0.58717664E+09
  -0.20167787E+02   0.17427747E-08   0.77226102E-03   0.57379764E+09
  -0.20144738E+02   0.17834102E-08   0.79136359E-03   0.56072349E+09
  -0.20121690E+02   0.18249932E-08   0.81091155E-03   0.54794723E+09
  -0.20098641E+02   0.18675458E-08   0.83091531E-03   0.53546209E+09
  -0.20075592E+02   0.19110906E-08   0.85138548E-03   0.52326142E+09
  -0.20052543E+02   0.19556507E-08   0.87233295E-03   0.51133875E+09
  -0.20029494E+02   0.20012498E-08   0.89376883E-03   0.49968774E+09
  -0.20006445E+02   0.20479121E-08   0.91570453E-03   0.48830221E+09
  -0.19983396E+02   0.20956624E-08   0.93815169E-03   0.47717609E+09
  -0.19960347E+02   0.21445261E-08   0.96112224E-03   0.46630349E+09
  -0.19937298E+02   0.21945291E-08   0.98462839E-03   0.45567863E+09
  -0.19914249E+02   0.22456980E-08   0.10086826E-02   0.44529585E+09
  -0.19891201E+02   0.22980600E-08   0.10332977E-02   0.43514965E+09
  -0.19868152E+02   0.23516429E-08   0.10584867E-02   0.42523463E+09
  -0.19845103E+02   0.24064752E-08   0.10842631E-02   0.41554553E+09
  -0.19822054E+02   0.24625859E-08   0.11106404E-02   0.40607720E+09
  -0.19799005E+02   0.25200050E-08   0.11376328E-02   0.39682461E+09
  -0.19775956E+02   0.25787629E-08   0.11652545E-02   0.38778284E+09
  -0.19752907E+02   0.26388908E-08   0.11935203E-02   0.37894709E+09
  -0.19729858E+02   0.27004207E-08   0.12224452E-02   0.37031267E+09
  -0.19706809E+02   0.27633853E-08   0.12520445E-02   0.36187498E+09
  -0.19683760E+02   0.28278180E-08   0.12823339E-02   0.35362955E+09
  -0.19660712E+02   0.28937530E-08   0.13133296E-02   0.34557199E+09
  -0.19637663E+02   0.29612254E-08   0.13450479E-02   0.33769803E+09
  -0.19614614E+02   0.30302711E-08   0.13775059E-02   0.33000348E+09
  -0.19591565E+02   0.31009266E-08   0.14107206E-02   0.32248425E+09
  -0.19568516E+02   0.31732296E-08   0.14447098E-02   0.31513635E+09
  -0.19545467E+02   0.32472185E-08   0.14794915E-02   0.30795587E+09
  -0.19522418E+02   0.33229325E-08   0.15150842E-02   0.30093900E+09
  -0.19499369E+02   0.34004119E-08   0.15515068E-02   0.29408202E+09
  -0.19476320E+02   0.34796979E-08   0.15887786E-02   0.28738127E+09
  -0.19453271E+02   0.35608326E-08   0.16269195E-02   0.28083320E+09
  -0.19430223E+02   0.36438590E-08   0.16659497E-02   0.27443433E+09
  -0.19407174E+02   0.37288213E-08   0.17058899E-02   0.26818126E+09
  -0.19384125E+02   0.38157647E-08   0.17467614E-02   0.26207067E+09
  -0.19361076E+02   0.39047352E-08   0.17885859E-02   0.25609931E+09
  -0.19338027E+02   0.39957803E-08   0.18313855E-02   0.25026401E+09
  -0.19314978E+02   0.40889482E-08   0.18751831E-02   0.24456167E+09
  -0.19291929E+02   0.41842885E-08   0.19200019E-02   0.23898926E+09
  -0.19268880E+02   0.42818518E-08   0.19658658E-02   0.23354381E+09
  -0.19245831E+02   0.43816899E-08   0.20127990E-02   0.22822245E+09
  -0.19222782E+02   0.44838559E-08   0.20608265E-02   0.22302233E+09
  -0.19199734E+02   0.45884041E-08   0.21099738E-02   0.21794070E+09
  -0.19176685E+02   0.46953900E-08   0.21602671E-02   0.21297485E+09
  -0.19153636E+02   0.48048704E-08   0.22117330E-02   0.20812216E+09
  -0.19130587E+02   0.49169036E-08   0.22643990E-02   0.20338003E+09
  -0.19107538E+02   0.50315489E-08   0.23182929E-02   0.19874595E+09
  -0.19084489E+02   0.51488675E-08   0.23734434E-02   0.19421747E+09
  -0.19061440E+02   0.52689214E-08   0.24298799E-02   0.18979216E+09
  -0.19038391E+02   0.53917746E-08   0.24876322E-02   0.18546769E+09
  -0.19015342E+02   0.55174924E-08   0.25467311E-02   0.18124175E+09
  -0.18992293E+02   0.56461414E-08   0.26072080E-02   0.17711211E+09
  -0.18969245E+02   0.57777901E-08   0.26690950E-02   0.17307655E+09
  -0.18946196E+02   0.59125084E-08   0.27324249E-02   0.16913295E+09
  -0.18923147E+02   0.60503679E-08   0.27972315E-02   0.16527921E+09
  -0.18900098E+02   0.61914418E-08   0.28635491E-02   0.16151327E+09
  -0.18877049E+02   0.63358050E-08   0.29314131E-02   0.15783314E+09
  -0.18854000E+02   0.64835343E-08   0.30008593E-02   0.15423686E+09
  -0.18830951E+02   0.66347081E-08   0.30719248E-02   0.15072253E+09
  -0.18807902E+02   0.67894068E-08   0.31446473E-02   0.14728827E+09
  -0.18784853E+02   0.69477125E-08   0.32190654E-02   0.14393226E+09
  -0.18761804E+02   0.71097094E-08   0.32952187E-02   0.14065272E+09
  -0.18738756E+02   0.72754835E-08   0.33731475E-02   0.13744791E+09
  -0.18715707E+02   0.74451229E-08   0.34528934E-02   0.13431612E+09
  -0.18692658E+02   0.76187177E-08   0.35344987E-02   0.13125568E+09
  -0.18669609E+02   0.77963601E-08   0.36180066E-02   0.12826498E+09
  -0.18646560E+02   0.79781446E-08   0.37034617E-02   0.12534243E+09
  -0.18623511E+02   0.81641676E-08   0.37909093E-02   0.12248646E+09
  -0.18600462E+02   0.83545281E-08   0.38803958E-02   0.11969557E+09
  -0.18577413E+02   0.85493271E-08   0.39719689E-02   0.11696827E+09
  -0.18554364E+02   0.87486681E-08   0.40656770E-02   0.11430311E+09
  -0.18531315E+02   0.89526571E-08   0.41615701E-02   0.11169868E+09
  -0.18508267E+02   0.91614025E-08   0.42596990E-02   0.10915359E+09
  -0.18485218E+02   0.93750150E-08   0.43601160E-02   0.10666649E+09
  -0.18462169E+02   0.95936083E-08   0.44628743E-02   0.10423607E+09
  -0.18439120E+02   0.98172984E-08   0.45680285E-02   0.10186102E+09
  -0.18416071E+02   0.10046204E-07   0.46756345E-02   0.99540082E+08
  -0.18393022E+02   0.10280447E-07   0.47857495E-02   0.97272031E+08
  -0.18369973E+02   0.10520152E-07   0.48984319E-02   0.95055658E+08
  -0.18346924E+02   0.10765446E-07   0.50137417E-02   0.92889786E+08
  -0.18323875E+02   0.11016459E-07   0.51317401E-02   0.90773264E+08
  -0.18300826E+02   0.11273326E-07   0.52524897E-02   0.88704968E+08
  -0.18277778E+02   0.11536181E-07   0.53760547E-02   0.86683798E+08
  -0.18254729E+02   0.11805165E-07   0.55025008E-02   0.84708682E+08
  -0.18231680E+02   0.12080421E-07   0.56318951E-02   0.82778569E+08
  -0.18208631E+02   0.12362095E-07   0.57643064E-02   0.80892434E+08
  -0.18185582E+02   0.12650337E-07   0.58998050E-02   0.79049275E+08
  -0.18162533E+02   0.12945300E-07   0.60384629E-02   0.77248114E+08
  -0.18139484E+02   0.13247140E-07   0.61803538E-02   0.75487992E+08
  -0.18116435E+02   0.13556018E-07   0.63255530E-02   0.73767975E+08
  -0.18093386E+02   0.13872098E-07   0.64741377E-02   0.72087149E+08
  -0.18070337E+02   0.14195548E-07   0.66261868E-02   0.70444622E+08
  -0.18047289E+02   0.14526539E-07   0.67817810E-02   0.68839520E+08
  -0.18024240E+02   0.14865248E-07   0.69410031E-02   0.67270990E+08
  -0.18001191E+02   0.15211855E-07   0.71039377E-02   0.65738200E+08
  -0.17978142E+02   0.15566544E-07   0.72706712E-02   0.64240336E+08
  -0.17955093E+02   0.15929502E-07   0.74412923E-02   0.62776600E+08
  -0.17932044E+02   0.16300924E-07   0.76158915E-02   0.61346216E+08
  -0.17908995E+02   0.16681005E-07   0.77945617E-02   0.59948424E+08
  -0.17885946E+02   0.17069949E-07   0.79773978E-02   0.58582481E+08
  -0.17862897E+02   0.17467962E-07   0.81644969E-02   0.57247661E+08
  -0.17839848E+02   0.17875255E-07   0.83559583E-02   0.55943256E+08
  -0.17816800E+02   0.18292045E-07   0.85518839E-02   0.54668572E+08
  -0.17793751E+02   0.18718553E-07   0.87523776E-02   0.53422932E+08
  -0.17770702E+02   0.19155006E-07   0.89575460E-02   0.52205674E+08
  -0.17747653E+02   0.19601635E-07   0.91674981E-02   0.51016152E+08
  -0.17724604E+02   0.20058678E-07   0.93823454E-02   0.49853734E+08
  -0.17701555E+02   0.20526378E-07   0.96022020E-02   0.48717801E+08
  -0.17678506E+02   0.21004982E-07   0.98271847E-02   0.47607751E+08
  -0.17655457E+02   0.21494747E-07   0.10057413E-01   0.46522994E+08
  -0.17632408E+02   0.21995931E-07   0.10293009E-01   0.45462954E+08
  -0.17609359E+02   0.22508801E-07   0.10534099E-01   0.44427066E+08
  -0.17586311E+02   0.23033629E-07   0.10780810E-01   0.43414782E+08
  -0.17563262E+02   0.23570694E-07   0.11033272E-01   0.42425563E+08
  -0.17540213E+02   0.24120282E-07   0.11291622E-01   0.41458884E+08
  -0.17517164E+02   0.24682685E-07   0.11555994E-01   0.40514231E+08
  -0.17494115E+02   0.25258200E-07   0.11826531E-01   0.39591102E+08
  -0.17471066E+02   0.25847135E-07   0.12103376E-01   0.38689006E+08
  -0.17448017E+02   0.26449802E-07   0.12386675E-01   0.37807466E+08
  -0.17424968E+02   0.27066521E-07   0.12676580E-01   0.36946011E+08
  -0.17401919E+02   0.27697619E-07   0.12973244E-01   0.36104185E+08
  -0.17378870E+02   0.28343433E-07   0.13276824E-01   0.35281540E+08
  -0.17355822E+02   0.29004305E-07   0.13587483E-01   0.34477640E+08
  -0.17332773E+02   0.29680586E-07   0.13905385E-01   0.33692056E+08
  -0.17309724E+02   0.30372636E-07   0.14230699E-01   0.32924372E+08
  -0.17286675E+02   0.31080822E-07   0.14563598E-01   0.32174181E+08
  -0.17263626E+02   0.31805520E-07   0.14904259E-01   0.31441082E+08
  -0.17240577E+02   0.32547116E-07   0.15252862E-01   0.30724687E+08
  -0.17217528E+02   0.33306003E-07   0.15609593E-01   0.30024616E+08
  -0.17194479E+02   0.34082585E-07   0.15974641E-01   0.29340496E+08
  -0.17171430E+02   0.34877275E-07   0.16348201E-01   0.28671964E+08
  -0.17148381E+02   0.35690493E-07   0.16730470E-01   0.28018665E+08
  -0.17125333E+02   0.36522674E-07   0.17121652E-01   0.27380251E+08
  -0.17102284E+02   0.37374257E-07   0.17521954E-01   0.26756383E+08
  -0.17079235E+02   0.38245697E-07   0.17931589E-01   0.26146731E+08
  -0.17056186E+02   0.39137456E-07   0.18350775E-01   0.25550970E+08
  -0.17033137E+02   0.40050008E-07   0.18779735E-01   0.24968783E+08
  -0.17010088E+02   0.40983837E-07   0.19218695E-01   0.24399862E+08
  -0.16987039E+02   0.41939440E-07   0.19667890E-01   0.23843904E+08
  -0.16963990E+02   0.42917324E-07   0.20127558E-01   0.23300613E+08
  -0.16940941E+02   0.43918009E-07   0.20597943E-01   0.22769702E+08
  -0.16917892E+02   0.44942027E-07   0.21079296E-01   0.22250887E+08
  -0.16894844E+02   0.45989921E-07   0.21571870E-01   0.21743894E+08
  -0.16871795E+02   0.47062248E-07   0.22075929E-01   0.21248453E+08
  -0.16848746E+02   0.48159579E-07   0.22591740E-01   0.20764300E+08
  -0.16825697E+02   0.49282496E-07   0.23119577E-01   0.20291179E+08
  -0.16802648E+02   0.50431595E-07   0.23659721E-01   0.19828838E+08
  -0.16779599E+02   0.51607487E-07   0.24212457E-01   0.19377032E+08
  -0.16756550E+02   0.52810797E-07   0.24778081E-01   0.18935521E+08
  -0.16733501E+02   0.54042164E-07   0.25356892E-01   0.18504069E+08
  -0.16710452E+02   0.55302243E-07   0.25949197E-01   0.18082448E+08
  -0.16687403E+02   0.56591702E-07   0.26555312E-01   0.17670434E+08
  -0.16664355E+02   0.57911226E-07   0.27175558E-01   0.17267808E+08
  -0.16641306E+02   0.59261518E-07   0.27810264E-01   0.16874356E+08
  -0.16618257E+02   0.60643294E-07   0.28459768E-01   0.16489868E+08
  -0.16595208E+02   0.62057288E-07   0.29124415E-01   0.16114142E+08
  -0.16572159E+02   0.63504252E-07   0.29804558E-01   0.15746976E+08
  -0.16549110E+02   0.64984954E-07   0.30500558E-01   0.15388177E+08
  -0.16526061E+02   0.66500180E-07   0.31212784E-01   0.15037552E+08
  -0.16503012E+02   0.68050737E-07   0.31941615E-01   0.14694917E+08
  -0.16479963E+02   0.69637447E-07   0.32687438E-01   0.14360089E+08
  -0.16456914E+02   0.71261154E-07   0.33450649E-01   0.14032890E+08
  -0.16433866E+02   0.72922721E-07   0.34231654E-01   0.13713146E+08
  -0.16410817E+02   0.74623029E-07   0.35030866E-01   0.13400688E+08
  -0.16387768E+02   0.76362983E-07   0.35848711E-01   0.13095349E+08
  -0.16364719E+02   0.78143506E-07   0.36685624E-01   0.12796968E+08
  -0.16341670E+02   0.79965545E-07   0.37542047E-01   0.12505385E+08
  -0.16318621E+02   0.81830068E-07   0.38418437E-01   0.12220446E+08
  -0.16295572E+02   0.83738065E-07   0.39315259E-01   0.11941999E+08
  -0.16272523E+02   0.85690551E-07   0.40232988E-01   0.11669897E+08
  -0.16249474E+02   0.87688561E-07   0.41172113E-01   0.11403995E+08
  -0.16226425E+02   0.89733158E-07   0.42133132E-01   0.11144152E+08
  -0.16203377E+02   0.91825428E-07   0.43116555E-01   0.10890229E+08
  -0.16180328E+02   0.93966483E-07   0.44122905E-01   0.10642091E+08
  -0.16157279E+02   0.96157460E-07   0.45152715E-01   0.10399608E+08
  -0.16134230E+02   0.98399523E-07   0.46206534E-01   0.10162650E+08
  -0.16111181E+02   0.10069386E-06   0.47284920E-01   0.99310908E+07
  -0.16088132E+02   0.10304170E-06   0.48388446E-01   0.97048079E+07
  -0.16065083E+02   0.10544428E-06   0.49517699E-01   0.94836809E+07
  -0.16042034E+02   0.10790288E-06   0.50673277E-01   0.92675923E+07
  -0.16018985E+02   0.11041881E-06   0.51855794E-01   0.90564274E+07
  -0.15995936E+02   0.11299339E-06   0.53065879E-01   0.88500739E+07
  -0.15972888E+02   0.11562801E-06   0.54304173E-01   0.86484223E+07
  -0.15949839E+02   0.11832406E-06   0.55571335E-01   0.84513653E+07
  -0.15926790E+02   0.12108298E-06   0.56868036E-01   0.82587984E+07
  -0.15903741E+02   0.12390622E-06   0.58194967E-01   0.80706191E+07
  -0.15880692E+02   0.12679528E-06   0.59552831E-01   0.78867276E+07
  -0.15857643E+02   0.12975172E-06   0.60942348E-01   0.77070261E+07
  -0.15834594E+02   0.13277708E-06   0.62364258E-01   0.75314192E+07
  -0.15811545E+02   0.13587299E-06   0.63819314E-01   0.73598135E+07
  -0.15788496E+02   0.13904108E-06   0.65308290E-01   0.71921179E+07
  -0.15765447E+02   0.14228305E-06   0.66831976E-01   0.70282433E+07
  -0.15742399E+02   0.14560060E-06   0.68391180E-01   0.68681026E+07
  -0.15719350E+02   0.14899551E-06   0.69986732E-01   0.67116108E+07
  -0.15696301E+02   0.15246957E-06   0.71619476E-01   0.65586847E+07
  -0.15673252E+02   0.15602464E-06   0.73290282E-01   0.64092430E+07
  -0.15650203E+02   0.15966260E-06   0.75000034E-01   0.62632065E+07
  -0.15627154E+02   0.16338539E-06   0.76749642E-01   0.61204974E+07
  -0.15604105E+02   0.16719498E-06   0.78540034E-01   0.59810400E+07
  -0.15581056E+02   0.17109339E-06   0.80372160E-01   0.58447601E+07
  -0.15558007E+02   0.17508270E-06   0.82246993E-01   0.57115855E+07
  -0.15534958E+02   0.17916503E-06   0.84165528E-01   0.55814452E+07
  -0.15511910E+02   0.18334255E-06   0.86128784E-01   0.54542703E+07
  -0.15488861E+02   0.18761747E-06   0.88137802E-01   0.53299931E+07
  -0.15465812E+02   0.19199207E-06   0.90193649E-01   0.52085476E+07
  -0.15442763E+02   0.19646866E-06   0.92297416E-01   0.50898692E+07
  -0.15419714E+02   0.20104964E-06   0.94450221E-01   0.49738950E+07
  -0.15396665E+02   0.20573743E-06   0.96653204E-01   0.48605632E+07
  -0.15373616E+02   0.21053452E-06   0.98907537E-01   0.47498138E+07
  -0.15350567E+02   0.21544347E-06   0.10121441E+00   0.46415878E+07
  -0.15327518E+02   0.22046687E-06   0.10357506E+00   0.45358278E+07
  -0.15304469E+02   0.22560741E-06   0.10599073E+00   0.44324776E+07
  -0.15281421E+02   0.23086780E-06   0.10846270E+00   0.43314822E+07
  -0.15258372E+02   0.23625085E-06   0.11099229E+00   0.42327881E+07
  -0.15235323E+02   0.24175941E-06   0.11358084E+00   0.41363427E+07
  -0.15212274E+02   0.24739641E-06   0.11622972E+00   0.40420948E+07
  -0.15189225E+02   0.25316485E-06   0.11894034E+00   0.39499945E+07
  -0.15166176E+02   0.25906779E-06   0.12171413E+00   0.38599926E+07
  -0.15143127E+02   0.26510836E-06   0.12455257E+00   0.37720415E+07
  -0.15120078E+02   0.27128978E-06   0.12745717E+00   0.36860944E+07
  -0.15097029E+02   0.27761533E-06   0.13042946E+00   0.36021056E+07
  -0.15073980E+02   0.28408837E-06   0.13347102E+00   0.35200305E+07
  -0.15050932E+02   0.29071234E-06   0.13658347E+00   0.34398255E+07
  -0.15027883E+02   0.29749075E-06   0.13976845E+00   0.33614480E+07
  -0.15004834E+02   0.30442722E-06   0.14302767E+00   0.32848564E+07
  -0.14981785E+02   0.31152542E-06   0.14636283E+00   0.32100099E+07
  -0.14958736E+02   0.31878913E-06   0.14977573E+00   0.31368688E+07
  -0.14935687E+02   0.32622220E-06   0.15326815E+00   0.30653943E+07
  -0.14912638E+02   0.33382859E-06   0.15684197E+00   0.29955483E+07
  -0.14889589E+02   0.34161233E-06   0.16049907E+00   0.29272938E+07
  -0.14866540E+02   0.34957756E-06   0.16424139E+00   0.28605945E+07
  -0.14843491E+02   0.35772851E-06   0.16807092E+00   0.27954150E+07
  -0.14820443E+02   0.36606951E-06   0.17198969E+00   0.27317206E+07
  -0.14797394E+02   0.37460500E-06   0.17599977E+00   0.26694775E+07
  -0.14774345E+02   0.38333951E-06   0.18010330E+00   0.26086526E+07
  -0.14751296E+02   0.39227768E-06   0.18430245E+00   0.25492137E+07
  -0.14728247E+02   0.40142425E-06   0.18859945E+00   0.24911290E+07
  -0.14705198E+02   0.41078409E-06   0.19299657E+00   0.24343679E+07
  -0.14682149E+02   0.42036217E-06   0.19749615E+00   0.23789000E+07
  -0.14659100E+02   0.43016358E-06   0.20210057E+00   0.23246961E+07
  -0.14636051E+02   0.44019352E-06   0.20681228E+00   0.22717271E+07
  -0.14613002E+02   0.45045733E-06   0.21163376E+00   0.22199651E+07
  -0.14589954E+02   0.46096045E-06   0.21656759E+00   0.21693825E+07
  -0.14566905E+02   0.47170847E-06   0.22161636E+00   0.21199525E+07
  -0.14543856E+02   0.48270710E-06   0.22678277E+00   0.20716487E+07
  -0.14520807E+02   0.49396217E-06   0.23206954E+00   0.20244455E+07
  -0.14497758E+02   0.50547968E-06   0.23747948E+00   0.19783179E+07
  -0.14474709E+02   0.51726574E-06   0.24301546E+00   0.19332413E+07
  -0.14451660E+02   0.52932661E-06   0.24868041E+00   0.18891918E+07
  -0.14428611E+02   0.54166869E-06   0.25447733E+00   0.18461459E+07
  -0.14405562E+02   0.55429855E-06   0.26040929E+00   0.18040809E+07
  -0.14382513E+02   0.56722290E-06   0.26647944E+00   0.17629744E+07
  -0.14359465E+02   0.58044859E-06   0.27269100E+00   0.17228044E+07
  -0.14336416E+02   0.59398267E-06   0.27904725E+00   0.16835498E+07
  -0.14313367E+02   0.60783231E-06   0.28555156E+00   0.16451896E+07
  -0.14290318E+02   0.62200488E-06   0.29220738E+00   0.16077034E+07
  -0.14267269E+02   0.63650791E-06   0.29901823E+00   0.15710714E+07
  -0.14244220E+02   0.65134909E-06   0.30598772E+00   0.15352740E+07
  -0.14221171E+02   0.66653633E-06   0.31311954E+00   0.15002923E+07
  -0.14198122E+02   0.68207767E-06   0.32041747E+00   0.14661077E+07
  -0.14175073E+02   0.69798139E-06   0.32788537E+00   0.14327020E+07
  -0.14152024E+02   0.71425593E-06   0.33552720E+00   0.14000574E+07
  -0.14128976E+02   0.73090993E-06   0.34334700E+00   0.13681566E+07
  -0.14105927E+02   0.74795225E-06   0.35134891E+00   0.13369827E+07
  -0.14082878E+02   0.76539194E-06   0.35953717E+00   0.13065192E+07
  -0.14059829E+02   0.78323826E-06   0.36791611E+00   0.12767497E+07
  -0.14036780E+02   0.80150070E-06   0.37649017E+00   0.12476586E+07
  -0.14013731E+02   0.82018895E-06   0.38526388E+00   0.12192303E+07
  -0.13990682E+02   0.83931295E-06   0.39424190E+00   0.11914497E+07
  -0.13967633E+02   0.85888286E-06   0.40342896E+00   0.11643021E+07
  -0.13944584E+02   0.87890907E-06   0.41282992E+00   0.11377731E+07
  -0.13921535E+02   0.89940222E-06   0.42244978E+00   0.11118486E+07
  -0.13898487E+02   0.92037320E-06   0.43229360E+00   0.10865148E+07
  -0.13875438E+02   0.94183315E-06   0.44236660E+00   0.10617582E+07
  -0.13852389E+02   0.96379348E-06   0.45267410E+00   0.10375657E+07
  -0.13829340E+02   0.98626585E-06   0.46322156E+00   0.10139244E+07
  -0.13806291E+02   0.10092622E-05   0.47401456E+00   0.99082181E+06
  -0.13783242E+02   0.10327947E-05   0.48505879E+00   0.96824561E+06
  -0.13760193E+02   0.10568760E-05   0.49636010E+00   0.94618382E+06
  -0.13737144E+02   0.10815187E-05   0.50792446E+00   0.92462471E+06
  -0.13714095E+02   0.11067360E-05   0.51975799E+00   0.90355683E+06
  -0.13691046E+02   0.11325413E-05   0.53186693E+00   0.88296900E+06
  -0.13667998E+02   0.11589483E-05   0.54425768E+00   0.86285026E+06
  -0.13644949E+02   0.11859710E-05   0.55693680E+00   0.84318993E+06
  -0.13621900E+02   0.12136238E-05   0.56991098E+00   0.82397757E+06
  -0.13598851E+02   0.12419214E-05   0.58318706E+00   0.80520297E+06
  -0.13575802E+02   0.12708787E-05   0.59677208E+00   0.78685615E+06
  -0.13552753E+02   0.13005113E-05   0.61067318E+00   0.76892737E+06
  -0.13529704E+02   0.13308347E-05   0.62489773E+00   0.75140711E+06
  -0.13506655E+02   0.13618652E-05   0.63945321E+00   0.73428604E+06
  -0.13483606E+02   0.13936193E-05   0.65434733E+00   0.71755509E+06
  -0.13460558E+02   0.14261137E-05   0.66958793E+00   0.70120536E+06
  -0.13437509E+02   0.14593658E-05   0.68518306E+00   0.68522816E+06
  -0.13414460E+02   0.14933932E-05   0.70114094E+00   0.66961501E+06
  -0.13391411E+02   0.15282140E-05   0.71747000E+00   0.65435760E+06
  -0.13368362E+02   0.15638468E-05   0.73417885E+00   0.63944784E+06
  -0.13345313E+02   0.16003103E-05   0.75127629E+00   0.62487781E+06
  -0.13322264E+02   0.16376241E-05   0.76877134E+00   0.61063975E+06
  -0.13299215E+02   0.16758079E-05   0.78667322E+00   0.59672612E+06
  -0.13276166E+02   0.17148820E-05   0.80499137E+00   0.58312951E+06
  -0.13253117E+02   0.17548671E-05   0.82373543E+00   0.56984271E+06
  -0.13230069E+02   0.17957846E-05   0.84291529E+00   0.55685864E+06
  -0.13207020E+02   0.18376562E-05   0.86254104E+00   0.54417043E+06
  -0.13183971E+02   0.18805041E-05   0.88262302E+00   0.53177132E+06
  -0.13160922E+02   0.19243510E-05   0.90317181E+00   0.51965472E+06
  -0.13137873E+02   0.19692203E-05   0.92419822E+00   0.50781421E+06
  -0.13114824E+02   0.20151357E-05   0.94571331E+00   0.49624349E+06
  -0.13091775E+02   0.20621218E-05   0.96772840E+00   0.48493641E+06
  -0.13068726E+02   0.21102034E-05   0.99025509E+00   0.47388696E+06
  -0.13045677E+02   0.21594062E-05   0.10133052E+01   0.46308928E+06
  -0.13022628E+02   0.22097561E-05   0.10368909E+01   0.45253763E+06
  -0.12999580E+02   0.22612801E-05   0.10610245E+01   0.44222640E+06
  -0.12976531E+02   0.23140054E-05   0.10857188E+01   0.43215011E+06
  -0.12953482E+02   0.23679601E-05   0.11109866E+01   0.42230342E+06
  -0.12930433E+02   0.24231728E-05   0.11368414E+01   0.41268108E+06
  -0.12907384E+02   0.24796729E-05   0.11632966E+01   0.40327800E+06
  -0.12884335E+02   0.25374904E-05   0.11903661E+01   0.39408916E+06
  -0.12861286E+02   0.25966560E-05   0.12180642E+01   0.38510970E+06
  -0.12838237E+02   0.26572011E-05   0.12464055E+01   0.37633484E+06
  -0.12815188E+02   0.27191579E-05   0.12754046E+01   0.36775991E+06
  -0.12792139E+02   0.27825594E-05   0.13050769E+01   0.35938037E+06
  -0.12769091E+02   0.28474392E-05   0.13354380E+01   0.35119175E+06
  -0.12746042E+02   0.29138317E-05   0.13665036E+01   0.34318972E+06
  -0.12722993E+02   0.29817723E-05   0.13982902E+01   0.33537002E+06
  -0.12699944E+02   0.30512970E-05   0.14308143E+01   0.32772848E+06
  -0.12676895E+02   0.31224428E-05   0.14640930E+01   0.32026107E+06
  -0.12653846E+02   0.31952475E-05   0.14981437E+01   0.31296380E+06
  -0.12630797E+02   0.32697497E-05   0.15329843E+01   0.30583280E+06
  -0.12607748E+02   0.33459891E-05   0.15686328E+01   0.29886429E+06
  -0.12584699E+02   0.34240061E-05   0.16051081E+01   0.29205455E+06
  -0.12561650E+02   0.35038422E-05   0.16424290E+01   0.28539998E+06
  -0.12538602E+02   0.35855399E-05   0.16806152E+01   0.27889703E+06
  -0.12515553E+02   0.36691424E-05   0.17196866E+01   0.27254225E+06
  -0.12492504E+02   0.37546942E-05   0.17596636E+01   0.26633227E+06
  -0.12469455E+02   0.38422408E-05   0.18005670E+01   0.26026379E+06
  -0.12446406E+02   0.39318288E-05   0.18424182E+01   0.25433358E+06
  -0.12423357E+02   0.40235055E-05   0.18852389E+01   0.24853849E+06
  -0.12400308E+02   0.41173199E-05   0.19290516E+01   0.24287544E+06
  -0.12377259E+02   0.42133217E-05   0.19738790E+01   0.23734143E+06
  -0.12354210E+02   0.43115620E-05   0.20197445E+01   0.23193351E+06
  -0.12331161E+02   0.44120929E-05   0.20666719E+01   0.22664881E+06
  -0.12308113E+02   0.45149678E-05   0.21146857E+01   0.22148452E+06
  -0.12285064E+02   0.46202414E-05   0.21638108E+01   0.21643791E+06
  -0.12262015E+02   0.47279696E-05   0.22140728E+01   0.21150628E+06
  -0.12238966E+02   0.48382097E-05   0.22654977E+01   0.20668702E+06
  -0.12215917E+02   0.49510202E-05   0.23181123E+01   0.20197758E+06
  -0.12192868E+02   0.50664610E-05   0.23719438E+01   0.19737543E+06
  -0.12169819E+02   0.51845935E-05   0.24270202E+01   0.19287815E+06
  -0.12146770E+02   0.53054805E-05   0.24833700E+01   0.18848334E+06
  -0.12123721E+02   0.54291862E-05   0.25410225E+01   0.18418867E+06
  -0.12100672E+02   0.55557762E-05   0.26000073E+01   0.17999185E+06
  -0.12077624E+02   0.56853179E-05   0.26603552E+01   0.17589066E+06
  -0.12054575E+02   0.58178801E-05   0.27220973E+01   0.17188291E+06
  -0.12031526E+02   0.59535331E-05   0.27852654E+01   0.16796649E+06
  -0.12008477E+02   0.60923492E-05   0.28498923E+01   0.16413930E+06
  -0.11985428E+02   0.62344019E-05   0.29160112E+01   0.16039931E+06
  -0.11962379E+02   0.63797668E-05   0.29836563E+01   0.15674454E+06
  -0.11939330E+02   0.65285211E-05   0.30528624E+01   0.15317305E+06
  -0.11916281E+02   0.66807439E-05   0.31236652E+01   0.14968293E+06
  -0.11893232E+02   0.68365160E-05   0.31961011E+01   0.14627234E+06
  -0.11870183E+02   0.69959202E-05   0.32702074E+01   0.14293945E+06
  -0.11847135E+02   0.71590411E-05   0.33460221E+01   0.13968251E+06
  -0.11824086E+02   0.73259654E-05   0.34235843E+01   0.13649978E+06
  -0.11801037E+02   0.74967819E-05   0.35029336E+01   0.13338957E+06
  -0.11777988E+02   0.76715812E-05   0.35841108E+01   0.13035022E+06
  -0.11754939E+02   0.78504562E-05   0.36671575E+01   0.12738013E+06
  -0.11731890E+02   0.80335020E-05   0.37521162E+01   0.12447771E+06
  -0.11708841E+02   0.82208158E-05   0.38390303E+01   0.12164143E+06
  -0.11685792E+02   0.84124970E-05   0.39279442E+01   0.11886977E+06
  -0.11662743E+02   0.86086477E-05   0.40189034E+01   0.11616126E+06
  -0.11639694E+02   0.88093719E-05   0.41119542E+01   0.11351447E+06
  -0.11616646E+02   0.90147763E-05   0.42071441E+01   0.11092799E+06
  -0.11593597E+02   0.92249701E-05   0.43045215E+01   0.10840044E+06
  -0.11570548E+02   0.94400648E-05   0.44041359E+01   0.10593048E+06
  -0.11547499E+02   0.96601748E-05   0.45060380E+01   0.10351680E+06
  -0.11524450E+02   0.98854170E-05   0.46102795E+01   0.10115811E+06
  -0.11501401E+02   0.10115911E-04   0.47169133E+01   0.98853170E+05
  -0.11478352E+02   0.10351780E-04   0.48259933E+01   0.96600748E+05
  -0.11455303E+02   0.10593148E-04   0.49375749E+01   0.94399648E+05
  -0.11432254E+02   0.10840144E-04   0.50517142E+01   0.92248701E+05
  -0.11409205E+02   0.11092899E-04   0.51684691E+01   0.90146763E+05
  -0.11386157E+02   0.11351547E-04   0.52878984E+01   0.88092719E+05
  -0.11363108E+02   0.11616226E-04   0.54100622E+01   0.86085477E+05
  -0.11340059E+02   0.11887077E-04   0.55350219E+01   0.84123970E+05
  -0.11317010E+02   0.12164243E-04   0.56628405E+01   0.82207158E+05
  -0.11293961E+02   0.12447871E-04   0.57935820E+01   0.80334020E+05
  -0.11270912E+02   0.12738113E-04   0.59273119E+01   0.78503562E+05
  -0.11247863E+02   0.13035122E-04   0.60640972E+01   0.76714812E+05
  -0.11224814E+02   0.13339057E-04   0.62040063E+01   0.74966819E+05
  -0.11201765E+02   0.13650078E-04   0.63471089E+01   0.73258654E+05
  -0.11178716E+02   0.13968351E-04   0.64934765E+01   0.71589411E+05
  -0.11155668E+02   0.14294045E-04   0.66431819E+01   0.69958202E+05
  -0.11132619E+02   0.14627334E-04   0.67962994E+01   0.68364160E+05
  -0.11109570E+02   0.14968393E-04   0.69529051E+01   0.66806439E+05
  -0.11086521E+02   0.15317405E-04   0.71130766E+01   0.65284211E+05
  -0.11063472E+02   0.15674554E-04   0.72768931E+01   0.63796668E+05
  -0.11040423E+02   0.16040031E-04   0.74444355E+01   0.62343019E+05
  -0.11017374E+02   0.16414030E-04   0.76157865E+01   0.60922492E+05
  -0.10994325E+02   0.16796749E-04   0.77910304E+01   0.59534331E+05
  -0.10971276E+02   0.17188391E-04   0.79702534E+01   0.58177801E+05
  -0.10948227E+02   0.17589166E-04   0.81535433E+01   0.56852179E+05
  -0.10925179E+02   0.17999285E-04   0.83409899E+01   0.55556762E+05
  -0.10902130E+02   0.18418967E-04   0.85326849E+01   0.54290862E+05
  -0.10879081E+02   0.18848434E-04   0.87287218E+01   0.53053805E+05
  -0.10856032E+02   0.19287915E-04   0.89291961E+01   0.51844935E+05
  -0.10832983E+02   0.19737643E-04   0.91342053E+01   0.50663610E+05
  -0.10809934E+02   0.20197858E-04   0.93438487E+01   0.49509202E+05
  -0.10786885E+02   0.20668802E-04   0.95582279E+01   0.48381097E+05
  -0.10763836E+02   0.21150728E-04   0.97774464E+01   0.47278696E+05
  -0.10740787E+02   0.21643891E-04   0.10001610E+02   0.46201414E+05
  -0.10717738E+02   0.22148552E-04   0.10230826E+02   0.45148678E+05
  -0.10694690E+02   0.22664981E-04   0.10465206E+02   0.44119929E+05
  -0.10671641E+02   0.23193451E-04   0.10704861E+02   0.43114620E+05
  -0.10648592E+02   0.23734243E-04   0.10949905E+02   0.42132217E+05
  -0.10625543E+02   0.24287644E-04   0.11200456E+02   0.41172199E+05
  -0.10602494E+02   0.24853949E-04   0.11456632E+02   0.40234055E+05
  -0.10579445E+02   0.25433458E-04   0.11718556E+02   0.39317288E+05
  -0.10556396E+02   0.26026479E-04   0.11986351E+02   0.38421408E+05
  -0.10533347E+02   0.26633327E-04   0.12260144E+02   0.37545942E+05
  -0.10510298E+02   0.27254325E-04   0.12540063E+02   0.36690424E+05
  -0.10487249E+02   0.27889803E-04   0.12826240E+02   0.35854399E+05
  -0.10464201E+02   0.28540098E-04   0.13118810E+02   0.35037422E+05
  -0.10441152E+02   0.29205555E-04   0.13417908E+02   0.34239061E+05
  -0.10418103E+02   0.29886529E-04   0.13723674E+02   0.33458891E+05
  -0.10395054E+02   0.30583380E-04   0.14036250E+02   0.32696497E+05
  -0.10372005E+02   0.31296480E-04   0.14355781E+02   0.31951475E+05
  -0.10348956E+02   0.32026207E-04   0.14682414E+02   0.31223428E+05
  -0.10325907E+02   0.32772948E-04   0.15016300E+02   0.30511970E+05
  -0.10302858E+02   0.33537102E-04   0.15357592E+02   0.29816723E+05
  -0.10279809E+02   0.34319072E-04   0.15706446E+02   0.29137317E+05
  -0.10256760E+02   0.35119275E-04   0.16063021E+02   0.28473392E+05
  -0.10233712E+02   0.35938137E-04   0.16427479E+02   0.27824594E+05
  -0.10210663E+02   0.36776091E-04   0.16799986E+02   0.27190579E+05
  -0.10187614E+02   0.37633584E-04   0.17180709E+02   0.26571011E+05
  -0.10164565E+02   0.38511070E-04   0.17569819E+02   0.25965560E+05
  -0.10141516E+02   0.39409016E-04   0.17967492E+02   0.25373904E+05
  -0.10118467E+02   0.40327900E-04   0.18373905E+02   0.24795729E+05
  -0.10095418E+02   0.41268208E-04   0.18789238E+02   0.24230728E+05
  -0.10072369E+02   0.42230442E-04   0.19213676E+02   0.23678601E+05
  -0.10049320E+02   0.43215111E-04   0.19647406E+02   0.23139054E+05
  -0.10026271E+02   0.44222740E-04   0.20090619E+02   0.22611801E+05
  -0.10003223E+02   0.45253863E-04   0.20543510E+02   0.22096561E+05
  -0.99801736E+01   0.46309028E-04   0.21006276E+02   0.21593062E+05
  -0.99571247E+01   0.47388796E-04   0.21479117E+02   0.21101034E+05
  -0.99340758E+01   0.48493741E-04   0.21962240E+02   0.20620218E+05
  -0.99110269E+01   0.49624449E-04   0.22455851E+02   0.20150357E+05
  -0.98879780E+01   0.50781521E-04   0.22960163E+02   0.19691203E+05
  -0.98649291E+01   0.51965572E-04   0.23475392E+02   0.19242510E+05
  -0.98418802E+01   0.53177232E-04   0.24001756E+02   0.18804041E+05
  -0.98188313E+01   0.54417143E-04   0.24539478E+02   0.18375562E+05
  -0.97957824E+01   0.55685964E-04   0.25088785E+02   0.17956846E+05
  -0.97727335E+01   0.56984371E-04   0.25649908E+02   0.17547671E+05
  -0.97496846E+01   0.58313051E-04   0.26223080E+02   0.17147820E+05
  -0.97266357E+01   0.59672712E-04   0.26808539E+02   0.16757079E+05
  -0.97035868E+01   0.61064075E-04   0.27406528E+02   0.16375241E+05
  -0.96805379E+01   0.62487881E-04   0.28017292E+02   0.16002103E+05
  -0.96574890E+01   0.63944884E-04   0.28641082E+02   0.15637468E+05
  -0.96344401E+01   0.65435860E-04   0.29278150E+02   0.15281140E+05
  -0.96113912E+01   0.66961601E-04   0.29928756E+02   0.14932932E+05
  -0.95883423E+01   0.68522916E-04   0.30593160E+02   0.14592658E+05
  -0.95652934E+01   0.70120636E-04   0.31271630E+02   0.14260137E+05
  -0.95422445E+01   0.71755609E-04   0.31964434E+02   0.13935193E+05
  -0.95191956E+01   0.73428704E-04   0.32671848E+02   0.13617652E+05
  -0.94961467E+01   0.75140811E-04   0.33394149E+02   0.13307347E+05
  -0.94730978E+01   0.76892837E-04   0.34131620E+02   0.13004113E+05
  -0.94500489E+01   0.78685715E-04   0.34884548E+02   0.12707787E+05
  -0.94270000E+01   0.80520397E-04   0.35653225E+02   0.12418214E+05
  -0.94039511E+01   0.82397857E-04   0.36437945E+02   0.12135238E+05
  -0.93809022E+01   0.84319093E-04   0.37239008E+02   0.11858710E+05
  -0.93578533E+01   0.86285126E-04   0.38056718E+02   0.11588483E+05
  -0.93348044E+01   0.88297000E-04   0.38891383E+02   0.11324413E+05
  -0.93117555E+01   0.90355783E-04   0.39743316E+02   0.11066360E+05
  -0.92887066E+01   0.92462571E-04   0.40612834E+02   0.10814187E+05
  -0.92656577E+01   0.94618482E-04   0.41500258E+02   0.10567760E+05
  -0.92426088E+01   0.96824661E-04   0.42405913E+02   0.10326947E+05
  -0.92195599E+01   0.99082281E-04   0.43330131E+02   0.10091622E+05
  -0.91965110E+01   0.10139254E-03   0.44273245E+02   0.98616585E+04
  -0.91734621E+01   0.10375667E-03   0.45235594E+02   0.96369348E+04
  -0.91504132E+01   0.10617592E-03   0.46217523E+02   0.94173315E+04
  -0.91273643E+01   0.10865158E-03   0.47219378E+02   0.92027320E+04
  -0.91043154E+01   0.11118496E-03   0.48241511E+02   0.89930222E+04
  -0.90812665E+01   0.11377741E-03   0.49284281E+02   0.87880907E+04
  -0.90582176E+01   0.11643031E-03   0.50348047E+02   0.85878286E+04
  -0.90351687E+01   0.11914507E-03   0.51433176E+02   0.83921295E+04
  -0.90121198E+01   0.12192313E-03   0.52540037E+02   0.82008895E+04
  -0.89890709E+01   0.12476596E-03   0.53669005E+02   0.80140070E+04
  -0.89660220E+01   0.12767507E-03   0.54820460E+02   0.78313826E+04
  -0.89429731E+01   0.13065202E-03   0.55994784E+02   0.76529194E+04
  -0.89199242E+01   0.13369837E-03   0.57192366E+02   0.74785225E+04
  -0.88968753E+01   0.13681576E-03   0.58413599E+02   0.73080993E+04
  -0.88738264E+01   0.14000584E-03   0.59658878E+02   0.71415593E+04
  -0.88507775E+01   0.14327030E-03   0.60928605E+02   0.69788139E+04
  -0.88277286E+01   0.14661087E-03   0.62223186E+02   0.68197767E+04
  -0.88046797E+01   0.15002933E-03   0.63543032E+02   0.66643633E+04
  -0.87816308E+01   0.15352750E-03   0.64888556E+02   0.65124909E+04
  -0.87585819E+01   0.15710724E-03   0.66260177E+02   0.63640791E+04
  -0.87355330E+01   0.16077044E-03   0.67658320E+02   0.62190488E+04
  -0.87124841E+01   0.16451906E-03   0.69083412E+02   0.60773231E+04
  -0.86894352E+01   0.16835508E-03   0.70535884E+02   0.59388267E+04
  -0.86663863E+01   0.17228054E-03   0.72016174E+02   0.58034859E+04
  -0.86433374E+01   0.17629754E-03   0.73524723E+02   0.56712290E+04
  -0.86202885E+01   0.18040819E-03   0.75061974E+02   0.55419855E+04
  -0.85972396E+01   0.18461469E-03   0.76628379E+02   0.54156869E+04
  -0.85741907E+01   0.18891928E-03   0.78224390E+02   0.52922661E+04
  -0.85511418E+01   0.19332423E-03   0.79850466E+02   0.51716574E+04
  -0.85280929E+01   0.19783189E-03   0.81507069E+02   0.50537968E+04
  -0.85050440E+01   0.20244465E-03   0.83194665E+02   0.49386217E+04
  -0.84819951E+01   0.20716497E-03   0.84913726E+02   0.48260710E+04
  -0.84589462E+01   0.21199535E-03   0.86664726E+02   0.47160847E+04
  -0.84358973E+01   0.21693835E-03   0.88448145E+02   0.46086045E+04
  -0.84128484E+01   0.22199661E-03   0.90264466E+02   0.45035733E+04
  -0.83897995E+01   0.22717281E-03   0.92114177E+02   0.44009352E+04
  -0.83667506E+01   0.23246971E-03   0.93997769E+02   0.43006358E+04
  -0.83437017E+01   0.23789010E-03   0.95915738E+02   0.42026217E+04
  -0.83206528E+01   0.24343689E-03   0.97868585E+02   0.41068409E+04
  -0.82976039E+01   0.24911300E-03   0.99856813E+02   0.40132425E+04
  -0.82745550E+01   0.25492147E-03   0.10188093E+03   0.39217768E+04
  -0.82515061E+01   0.26086536E-03   0.10394145E+03   0.38323951E+04
  -0.82284572E+01   0.26694785E-03   0.10603889E+03   0.37450500E+04
  -0.82054083E+01   0.27317216E-03   0.10817377E+03   0.36596951E+04
  -0.81823594E+01   0.27954160E-03   0.11034661E+03   0.35762851E+04
  -0.81593105E+01   0.28605955E-03   0.11255794E+03   0.34947756E+04
  -0.81362616E+01   0.29272948E-03   0.11480830E+03   0.34151233E+04
  -0.81132127E+01   0.29955493E-03   0.11709822E+03   0.33372859E+04
  -0.80901638E+01   0.30653953E-03   0.11942825E+03   0.32612220E+04
  -0.80671149E+01   0.31368698E-03   0.12179892E+03   0.31868913E+04
  -0.80440660E+01   0.32100109E-03   0.12421078E+03   0.31142542E+04
  -0.80210171E+01   0.32848574E-03   0.12666440E+03   0.30432722E+04
  -0.79979682E+01   0.33614490E-03   0.12916033E+03   0.29739075E+04
  -0.79749193E+01   0.34398265E-03   0.13169912E+03   0.29061234E+04
  -0.79518704E+01   0.35200315E-03   0.13428134E+03   0.28398837E+04
  -0.79288215E+01   0.36021066E-03   0.13690757E+03   0.27751533E+04
  -0.79057726E+01   0.36860954E-03   0.13957837E+03   0.27118978E+04
  -0.78827237E+01   0.37720425E-03   0.14229433E+03   0.26500836E+04
  -0.78596748E+01   0.38599936E-03   0.14505602E+03   0.25896779E+04
  -0.78366259E+01   0.39499955E-03   0.14786403E+03   0.25306485E+04
  -0.78135770E+01   0.40420958E-03   0.15071895E+03   0.24729641E+04
  -0.77905281E+01   0.41363437E-03   0.15362138E+03   0.24165941E+04
  -0.77674792E+01   0.42327891E-03   0.15657191E+03   0.23615085E+04
  -0.77444303E+01   0.43314832E-03   0.15957115E+03   0.23076780E+04
  -0.77213814E+01   0.44324786E-03   0.16261970E+03   0.22550741E+04
  -0.76983325E+01   0.45358288E-03   0.16571817E+03   0.22036687E+04
  -0.76752836E+01   0.46415888E-03   0.16886718E+03   0.21534347E+04
  -0.76522347E+01   0.47498148E-03   0.17206736E+03   0.21043452E+04
  -0.76291858E+01   0.48605642E-03   0.17531932E+03   0.20563743E+04
  -0.76061369E+01   0.49738960E-03   0.17862370E+03   0.20094964E+04
  -0.75830880E+01   0.50898702E-03   0.18198112E+03   0.19636866E+04
  -0.75600391E+01   0.52085486E-03   0.18539223E+03   0.19189207E+04
  -0.75369902E+01   0.53299941E-03   0.18885767E+03   0.18751747E+04
  -0.75139413E+01   0.54542713E-03   0.19237808E+03   0.18324255E+04
  -0.74908924E+01   0.55814462E-03   0.19595413E+03   0.17906503E+04
  -0.74678435E+01   0.57115865E-03   0.19958646E+03   0.17498270E+04
  -0.74447946E+01   0.58447611E-03   0.20327574E+03   0.17099339E+04
  -0.74217457E+01   0.59810410E-03   0.20702264E+03   0.16709498E+04
  -0.73986968E+01   0.61204984E-03   0.21082783E+03   0.16328539E+04
  -0.73756479E+01   0.62632075E-03   0.21469198E+03   0.15956260E+04
  -0.73525990E+01   0.64092440E-03   0.21861578E+03   0.15592464E+04
  -0.73295501E+01   0.65586857E-03   0.22259992E+03   0.15236957E+04
  -0.73065012E+01   0.67116118E-03   0.22664509E+03   0.14889551E+04
  -0.72834523E+01   0.68681036E-03   0.23075199E+03   0.14550060E+04
  -0.72604034E+01   0.70282443E-03   0.23492132E+03   0.14218305E+04
  -0.72373545E+01   0.71921189E-03   0.23915380E+03   0.13894108E+04
  -0.72143056E+01   0.73598145E-03   0.24345013E+03   0.13577299E+04
  -0.71912567E+01   0.75314202E-03   0.24781105E+03   0.13267708E+04
  -0.71682078E+01   0.77070271E-03   0.25223727E+03   0.12965172E+04
  -0.71451589E+01   0.78867286E-03   0.25672954E+03   0.12669528E+04
  -0.71221100E+01   0.80706201E-03   0.26128859E+03   0.12380622E+04
  -0.70990611E+01   0.82587994E-03   0.26591517E+03   0.12098298E+04
  -0.70760122E+01   0.84513663E-03   0.27061002E+03   0.11822406E+04
  -0.70529633E+01   0.86484233E-03   0.27537392E+03   0.11552801E+04
  -0.70299144E+01   0.88500749E-03   0.28020762E+03   0.11289339E+04
  -0.70068655E+01   0.90564284E-03   0.28511190E+03   0.11031881E+04
  -0.69838166E+01   0.92675933E-03   0.29008754E+03   0.10780288E+04
  -0.69607677E+01   0.94836819E-03   0.29513531E+03   0.10534428E+04
  -0.69377188E+01   0.97048089E-03   0.30025602E+03   0.10294170E+04
  -0.69146699E+01   0.99310918E-03   0.30545047E+03   0.10059386E+04
  -0.68916210E+01   0.10162651E-02   0.31071946E+03   0.98299523E+03
  -0.68685721E+01   0.10399609E-02   0.31606381E+03   0.96057460E+03
  -0.68455232E+01   0.10642092E-02   0.32148434E+03   0.93866483E+03
  -0.68224743E+01   0.10890230E-02   0.32698188E+03   0.91725428E+03
  -0.67994254E+01   0.11144153E-02   0.33255727E+03   0.89633158E+03
  -0.67763765E+01   0.11403996E-02   0.33821135E+03   0.87588561E+03
  -0.67533277E+01   0.11669898E-02   0.34394499E+03   0.85590551E+03
  -0.67302788E+01   0.11942000E-02   0.34975904E+03   0.83638065E+03
  -0.67072299E+01   0.12220447E-02   0.35565437E+03   0.81730068E+03
  -0.66841810E+01   0.12505386E-02   0.36163186E+03   0.79865545E+03
  -0.66611321E+01   0.12796969E-02   0.36769241E+03   0.78043506E+03
  -0.66380832E+01   0.13095350E-02   0.37383690E+03   0.76262983E+03
  -0.66150343E+01   0.13400689E-02   0.38006625E+03   0.74523029E+03
  -0.65919854E+01   0.13713147E-02   0.38638137E+03   0.72822721E+03
  -0.65689365E+01   0.14032891E-02   0.39278318E+03   0.71161154E+03
  -0.65458876E+01   0.14360090E-02   0.39927263E+03   0.69537447E+03
  -0.65228387E+01   0.14694918E-02   0.40585065E+03   0.67950737E+03
  -0.64997898E+01   0.15037553E-02   0.41251819E+03   0.66400180E+03
  -0.64767409E+01   0.15388178E-02   0.41927622E+03   0.64884954E+03
  -0.64536920E+01   0.15746977E-02   0.42612572E+03   0.63404252E+03
  -0.64306431E+01   0.16114143E-02   0.43306767E+03   0.61957288E+03
  -0.64075942E+01   0.16489869E-02   0.44010306E+03   0.60543294E+03
  -0.63845453E+01   0.16874357E-02   0.44723289E+03   0.59161518E+03
  -0.63614964E+01   0.17267809E-02   0.45445819E+03   0.57811226E+03
  -0.63384475E+01   0.17670435E-02   0.46177998E+03   0.56491702E+03
  -0.63153986E+01   0.18082449E-02   0.46919930E+03   0.55202243E+03
  -0.62923497E+01   0.18504070E-02   0.47671719E+03   0.53942164E+03
  -0.62693008E+01   0.18935522E-02   0.48433472E+03   0.52710797E+03
  -0.62462519E+01   0.19377033E-02   0.49205296E+03   0.51507487E+03
  -0.62232030E+01   0.19828839E-02   0.49987299E+03   0.50331595E+03
  -0.62001541E+01   0.20291180E-02   0.50779591E+03   0.49182496E+03
  -0.61771052E+01   0.20764301E-02   0.51582283E+03   0.48059579E+03
  -0.61540563E+01   0.21248454E-02   0.52395486E+03   0.46962248E+03
  -0.61310074E+01   0.21743895E-02   0.53219315E+03   0.45889921E+03
  -0.61079585E+01   0.22250888E-02   0.54053883E+03   0.44842027E+03
  -0.60849096E+01   0.22769703E-02   0.54899307E+03   0.43818009E+03
  -0.60618607E+01   0.23300614E-02   0.55755703E+03   0.42817324E+03
  -0.60388118E+01   0.23843905E-02   0.56623190E+03   0.41839440E+03
  -0.60157629E+01   0.24399863E-02   0.57501888E+03   0.40883837E+03
  -0.59927140E+01   0.24968784E-02   0.58391918E+03   0.39950008E+03
  -0.59696651E+01   0.25550971E-02   0.59293402E+03   0.39037456E+03
  -0.59466162E+01   0.26146732E-02   0.60206465E+03   0.38145697E+03
  -0.59235673E+01   0.26756384E-02   0.61131232E+03   0.37274257E+03
  -0.59005184E+01   0.27380252E-02   0.62067830E+03   0.36422674E+03
  -0.58774695E+01   0.28018666E-02   0.63016387E+03   0.35590493E+03
  -0.58544206E+01   0.28671965E-02   0.63977033E+03   0.34777275E+03
  -0.58313717E+01   0.29340497E-02   0.64949898E+03   0.33982585E+03
  -0.58083228E+01   0.30024617E-02   0.65935116E+03   0.33206003E+03
  -0.57852739E+01   0.30724688E-02   0.66932822E+03   0.32447116E+03
  -0.57622250E+01   0.31441083E-02   0.67943150E+03   0.31705520E+03
  -0.57391761E+01   0.32174182E-02   0.68966239E+03   0.30980822E+03
  -0.57161272E+01   0.32924373E-02   0.70002228E+03   0.30272636E+03
  -0.56930783E+01   0.33692057E-02   0.71051256E+03   0.29580586E+03
  -0.56700294E+01   0.34477641E-02   0.72113467E+03   0.28904305E+03
  -0.56469805E+01   0.35281541E-02   0.73189004E+03   0.28243433E+03
  -0.56239316E+01   0.36104186E-02   0.74278014E+03   0.27597619E+03
  -0.56008827E+01   0.36946012E-02   0.75380643E+03   0.26966521E+03
  -0.55778338E+01   0.37807467E-02   0.76497040E+03   0.26349802E+03
  -0.55547849E+01   0.38689007E-02   0.77627357E+03   0.25747135E+03
  -0.55317360E+01   0.39591103E-02   0.78771746E+03   0.25158200E+03
  -0.55086871E+01   0.40514232E-02   0.79930361E+03   0.24582685E+03
  -0.54856382E+01   0.41458885E-02   0.81103359E+03   0.24020282E+03
  -0.54625893E+01   0.42425564E-02   0.82290897E+03   0.23470694E+03
  -0.54395404E+01   0.43414783E-02   0.83493136E+03   0.22933629E+03
  -0.54164915E+01   0.44427067E-02   0.84710238E+03   0.22408801E+03
  -0.53934426E+01   0.45462955E-02   0.85942365E+03   0.21895931E+03
  -0.53703937E+01   0.46522995E-02   0.87189685E+03   0.21394747E+03
  -0.53473448E+01   0.47607752E-02   0.88452364E+03   0.20904982E+03
  -0.53242959E+01   0.48717802E-02   0.89730572E+03   0.20426378E+03
  -0.53012470E+01   0.49853735E-02   0.91024480E+03   0.19958678E+03
  -0.52781981E+01   0.51016153E-02   0.92334263E+03   0.19501635E+03
  -0.52551492E+01   0.52205675E-02   0.93660096E+03   0.19055006E+03
  -0.52321003E+01   0.53422933E-02   0.95002156E+03   0.18618553E+03
  -0.52090514E+01   0.54668573E-02   0.96360624E+03   0.18192045E+03
  -0.51860025E+01   0.55943257E-02   0.97735682E+03   0.17775255E+03
  -0.51629536E+01   0.57247662E-02   0.99127513E+03   0.17367962E+03
  -0.51399047E+01   0.58582482E-02   0.10053630E+04   0.16969949E+03
  -0.51168558E+01   0.59948425E-02   0.10196224E+04   0.16581005E+03
  -0.50938069E+01   0.61346217E-02   0.10340552E+04   0.16200924E+03
  -0.50707580E+01   0.62776601E-02   0.10486633E+04   0.15829502E+03
  -0.50477091E+01   0.64240337E-02   0.10634487E+04   0.15466544E+03
  -0.50246602E+01   0.65738201E-02   0.10784134E+04   0.15111855E+03
  -0.50016113E+01   0.67270991E-02   0.10935593E+04   0.14765248E+03
  -0.49785624E+01   0.68839521E-02   0.11088884E+04   0.14426539E+03
  -0.49555135E+01   0.70444623E-02   0.11244029E+04   0.14095548E+03
  -0.49324646E+01   0.72087150E-02   0.11401048E+04   0.13772098E+03
  -0.49094157E+01   0.73767976E-02   0.11559962E+04   0.13456018E+03
  -0.48863668E+01   0.75487993E-02   0.11720792E+04   0.13147140E+03
  -0.48633179E+01   0.77248115E-02   0.11883559E+04   0.12845300E+03
  -0.48402690E+01   0.79049276E-02   0.12048286E+04   0.12550337E+03
  -0.48172201E+01   0.80892435E-02   0.12214994E+04   0.12262095E+03
  -0.47941712E+01   0.82778570E-02   0.12383706E+04   0.11980421E+03
  -0.47711223E+01   0.84708683E-02   0.12554443E+04   0.11705165E+03
  -0.47480734E+01   0.86683799E-02   0.12727229E+04   0.11436181E+03
  -0.47250245E+01   0.88704969E-02   0.12902087E+04   0.11173326E+03
  -0.47019756E+01   0.90773265E-02   0.13079040E+04   0.10916459E+03
  -0.46789267E+01   0.92889787E-02   0.13258112E+04   0.10665446E+03
  -0.46558778E+01   0.95055659E-02   0.13439327E+04   0.10420152E+03
  -0.46328289E+01   0.97272032E-02   0.13622707E+04   0.10180447E+03
  -0.46097800E+01   0.99540083E-02   0.13808279E+04   0.99462042E+02
  -0.45867311E+01   0.10186102E-01   0.13996067E+04   0.97172984E+02
  -0.45636822E+01   0.10423607E-01   0.14186096E+04   0.94936083E+02
  -0.45406333E+01   0.10666650E-01   0.14378391E+04   0.92750150E+02
  -0.45175844E+01   0.10915359E-01   0.14572977E+04   0.90614025E+02
  -0.44945355E+01   0.11169868E-01   0.14769881E+04   0.88526571E+02
  -0.44714866E+01   0.11430311E-01   0.14969129E+04   0.86486681E+02
  -0.44484377E+01   0.11696827E-01   0.15170747E+04   0.84493271E+02
  -0.44253888E+01   0.11969557E-01   0.15374762E+04   0.82545281E+02
  -0.44023399E+01   0.12248646E-01   0.15581202E+04   0.80641676E+02
  -0.43792910E+01   0.12534243E-01   0.15790093E+04   0.78781446E+02
  -0.43562421E+01   0.12826498E-01   0.16001464E+04   0.76963601E+02
  -0.43331932E+01   0.13125568E-01   0.16215342E+04   0.75187177E+02
  -0.43101443E+01   0.13431612E-01   0.16431757E+04   0.73451229E+02
  -0.42870954E+01   0.13744791E-01   0.16650737E+04   0.71754835E+02
  -0.42640465E+01   0.14065272E-01   0.16872310E+04   0.70097094E+02
  -0.42409976E+01   0.14393226E-01   0.17096507E+04   0.68477125E+02
  -0.42179487E+01   0.14728827E-01   0.17323357E+04   0.66894068E+02
  -0.41948998E+01   0.15072253E-01   0.17552891E+04   0.65347081E+02
  -0.41718509E+01   0.15423686E-01   0.17785139E+04   0.63835343E+02
  -0.41488020E+01   0.15783314E-01   0.18020132E+04   0.62358050E+02
  -0.41257531E+01   0.16151327E-01   0.18257900E+04   0.60914418E+02
  -0.41027042E+01   0.16527921E-01   0.18498477E+04   0.59503679E+02
  -0.40796553E+01   0.16913295E-01   0.18741893E+04   0.58125084E+02
  -0.40566064E+01   0.17307655E-01   0.18988181E+04   0.56777901E+02
  -0.40335575E+01   0.17711211E-01   0.19237374E+04   0.55461414E+02
  -0.40105086E+01   0.18124175E-01   0.19489504E+04   0.54174924E+02
  -0.39874597E+01   0.18546769E-01   0.19744606E+04   0.52917746E+02
  -0.39644108E+01   0.18979216E-01   0.20002714E+04   0.51689214E+02
  -0.39413619E+01   0.19421747E-01   0.20263861E+04   0.50488675E+02
  -0.39183130E+01   0.19874595E-01   0.20528082E+04   0.49315489E+02
  -0.38952641E+01   0.20338003E-01   0.20795412E+04   0.48169036E+02
  -0.38722152E+01   0.20812216E-01   0.21065887E+04   0.47048704E+02
  -0.38491663E+01   0.21297485E-01   0.21339543E+04   0.45953900E+02
  -0.38261174E+01   0.21794070E-01   0.21616417E+04   0.44884041E+02
  -0.38030685E+01   0.22302233E-01   0.21896544E+04   0.43838559E+02
  -0.37800196E+01   0.22822245E-01   0.22179962E+04   0.42816899E+02
  -0.37569707E+01   0.23354381E-01   0.22466709E+04   0.41818518E+02
  -0.37339218E+01   0.23898926E-01   0.22756823E+04   0.40842885E+02
  -0.37108729E+01   0.24456167E-01   0.23050342E+04   0.39889482E+02
  -0.36878240E+01   0.25026401E-01   0.23347305E+04   0.38957803E+02
  -0.36647751E+01   0.25609931E-01   0.23647752E+04   0.38047352E+02
  -0.36417262E+01   0.26207067E-01   0.23951723E+04   0.37157647E+02
  -0.36186773E+01   0.26818126E-01   0.24259257E+04   0.36288213E+02
  -0.35956284E+01   0.27443433E-01   0.24570397E+04   0.35438590E+02
  -0.35725795E+01   0.28083320E-01   0.24885182E+04   0.34608326E+02
  -0.35495306E+01   0.28738127E-01   0.25203655E+04   0.33796979E+02
  -0.35264817E+01   0.29408202E-01   0.25525858E+04   0.33004119E+02
  -0.35034328E+01   0.30093900E-01   0.25851834E+04   0.32229325E+02
  -0.34803839E+01   0.30795587E-01   0.26181626E+04   0.31472185E+02
  -0.34573350E+01   0.31513635E-01   0.26515278E+04   0.30732296E+02
  -0.34342861E+01   0.32248425E-01   0.26852834E+04   0.30009266E+02
  -0.34112372E+01   0.33000348E-01   0.27194339E+04   0.29302711E+02
  -0.33881883E+01   0.33769803E-01   0.27539837E+04   0.28612254E+02
  -0.33651394E+01   0.34557199E-01   0.27889375E+04   0.27937530E+02
  -0.33420905E+01   0.35362955E-01   0.28243000E+04   0.27278180E+02
  -0.33190416E+01   0.36187498E-01   0.28600757E+04   0.26633853E+02
  -0.32959927E+01   0.37031267E-01   0.28962695E+04   0.26004207E+02
  -0.32729438E+01   0.37894709E-01   0.29328861E+04   0.25388908E+02
  -0.32498949E+01   0.38778284E-01   0.29699304E+04   0.24787629E+02
  -0.32268460E+01   0.39682461E-01   0.30074072E+04   0.24200050E+02
  -0.32037971E+01   0.40607720E-01   0.30453216E+04   0.23625859E+02
  -0.31807482E+01   0.41554553E-01   0.30836786E+04   0.23064752E+02
  -0.31576993E+01   0.42523463E-01   0.31224831E+04   0.22516429E+02
  -0.31346504E+01   0.43514965E-01   0.31617405E+04   0.21980600E+02
  -0.31116015E+01   0.44529585E-01   0.32014557E+04   0.21456980E+02
  -0.30885526E+01   0.45567863E-01   0.32416342E+04   0.20945291E+02
  -0.30655037E+01   0.46630349E-01   0.32822811E+04   0.20445261E+02
  -0.30424548E+01   0.47717609E-01   0.33234019E+04   0.19956624E+02
  -0.30194059E+01   0.48830221E-01   0.33650020E+04   0.19479121E+02
  -0.29963570E+01   0.49968775E-01   0.34070869E+04   0.19012498E+02
  -0.29733081E+01   0.51133875E-01   0.34496620E+04   0.18556507E+02
  -0.29502592E+01   0.52326142E-01   0.34927331E+04   0.18110906E+02
  -0.29272103E+01   0.53546209E-01   0.35363058E+04   0.17675458E+02
  -0.29041614E+01   0.54794723E-01   0.35803859E+04   0.17249932E+02
  -0.28811125E+01   0.56072349E-01   0.36249790E+04   0.16834102E+02
  -0.28580636E+01   0.57379764E-01   0.36700911E+04   0.16427747E+02
  -0.28350147E+01   0.58717664E-01   0.37157281E+04   0.16030650E+02
  -0.28119658E+01   0.60086759E-01   0.37618960E+04   0.15642602E+02
  -0.27889169E+01   0.61487777E-01   0.38086009E+04   0.15263395E+02
  -0.27658680E+01   0.62921461E-01   0.38558487E+04   0.14892829E+02
  -0.27428191E+01   0.64388574E-01   0.39036458E+04   0.14530706E+02
  -0.27197702E+01   0.65889896E-01   0.39519984E+04   0.14176834E+02
  -0.26967213E+01   0.67426222E-01   0.40009128E+04   0.13831025E+02
  -0.26736724E+01   0.68998371E-01   0.40503952E+04   0.13493096E+02
  -0.26506235E+01   0.70607177E-01   0.41004523E+04   0.13162866E+02
  -0.26275746E+01   0.72253495E-01   0.41510905E+04   0.12840161E+02
  -0.26045257E+01   0.73938199E-01   0.42023163E+04   0.12524809E+02
  -0.25814768E+01   0.75662185E-01   0.42541364E+04   0.12216642E+02
  -0.25584279E+01   0.77426368E-01   0.43065575E+04   0.11915497E+02
  -0.25353790E+01   0.79231686E-01   0.43595863E+04   0.11621213E+02
  -0.25123301E+01   0.81079098E-01   0.44132297E+04   0.11333635E+02
  -0.24892812E+01   0.82969585E-01   0.44674946E+04   0.11052609E+02
  -0.24662323E+01   0.84904152E-01   0.45223878E+04   0.10777987E+02
  -0.24431834E+01   0.86883826E-01   0.45779165E+04   0.10509622E+02
  -0.24201345E+01   0.88909660E-01   0.46340877E+04   0.10247372E+02
  -0.23970856E+01   0.90982729E-01   0.46909085E+04   0.99910970E+01
  -0.23740367E+01   0.93104135E-01   0.47483861E+04   0.97406615E+01
  -0.23509878E+01   0.95275005E-01   0.48065277E+04   0.94959323E+01
  -0.23279389E+01   0.97496492E-01   0.48653408E+04   0.92567793E+01
  -0.23048900E+01   0.99769776E-01   0.49248325E+04   0.90230755E+01
  -0.22818411E+01   0.10209607E+00   0.49850105E+04   0.87946967E+01
  -0.22587922E+01   0.10447660E+00   0.50458820E+04   0.85715215E+01
  -0.22357433E+01   0.10691263E+00   0.51074546E+04   0.83534315E+01
  -0.22126944E+01   0.10940547E+00   0.51697359E+04   0.81403107E+01
  -0.21896455E+01   0.11195643E+00   0.52327335E+04   0.79320460E+01
  -0.21665966E+01   0.11456687E+00   0.52964550E+04   0.77285266E+01
  -0.21435477E+01   0.11723818E+00   0.53609081E+04   0.75296445E+01
  -0.21204988E+01   0.11997177E+00   0.54261004E+04   0.73352940E+01
  -0.20974499E+01   0.12276910E+00   0.54920398E+04   0.71453718E+01
  -0.20744010E+01   0.12563166E+00   0.55587339E+04   0.69597770E+01
  -0.20513521E+01   0.12856096E+00   0.56261906E+04   0.67784111E+01
  -0.20283032E+01   0.13155856E+00   0.56944176E+04   0.66011776E+01
  -0.20052543E+01   0.13462606E+00   0.57634227E+04   0.64279825E+01
  -0.19822054E+01   0.13776508E+00   0.58332137E+04   0.62587337E+01
  -0.19591565E+01   0.14097729E+00   0.59037983E+04   0.60933412E+01
  -0.19361076E+01   0.14426440E+00   0.59751843E+04   0.59317173E+01
  -0.19130587E+01   0.14762815E+00   0.60473795E+04   0.57737760E+01
  -0.18900098E+01   0.15107033E+00   0.61203915E+04   0.56194335E+01
  -0.18669609E+01   0.15459277E+00   0.61942279E+04   0.54686077E+01
  -0.18439120E+01   0.15819735E+00   0.62688964E+04   0.53212185E+01
  -0.18208631E+01   0.16188597E+00   0.63444044E+04   0.51771876E+01
  -0.17978142E+01   0.16566060E+00   0.64207594E+04   0.50364385E+01
  -0.17747653E+01   0.16952323E+00   0.64979687E+04   0.48988964E+01
  -0.17517164E+01   0.17347594E+00   0.65760396E+04   0.47644883E+01
  -0.17286675E+01   0.17752080E+00   0.66549789E+04   0.46331427E+01
  -0.17056186E+01   0.18165998E+00   0.67347938E+04   0.45047898E+01
  -0.16825697E+01   0.18589567E+00   0.68154909E+04   0.43793615E+01
  -0.16595208E+01   0.19023012E+00   0.68970768E+04   0.42567911E+01
  -0.16364719E+01   0.19466563E+00   0.69795579E+04   0.41370135E+01
  -0.16134230E+01   0.19920457E+00   0.70629401E+04   0.40199651E+01
  -0.15903741E+01   0.20384934E+00   0.71472294E+04   0.39055837E+01
  -0.15673252E+01   0.20860241E+00   0.72324312E+04   0.37938085E+01
  -0.15442763E+01   0.21346630E+00   0.73185507E+04   0.36845801E+01
  -0.15212274E+01   0.21844361E+00   0.74055929E+04   0.35778405E+01
  -0.14981785E+01   0.22353696E+00   0.74935620E+04   0.34735331E+01
  -0.14751296E+01   0.22874908E+00   0.75824620E+04   0.33716022E+01
  -0.14520807E+01   0.23408273E+00   0.76722966E+04   0.32719940E+01
  -0.14290318E+01   0.23954074E+00   0.77630686E+04   0.31746553E+01
  -0.14059829E+01   0.24512601E+00   0.78547805E+04   0.30795345E+01
  -0.13829340E+01   0.25084151E+00   0.79474341E+04   0.29865811E+01
  -0.13598851E+01   0.25669027E+00   0.80410305E+04   0.28957456E+01
  -0.13368362E+01   0.26267541E+00   0.81355701E+04   0.28069799E+01
  -0.13137873E+01   0.26880010E+00   0.82310525E+04   0.27202367E+01
  -0.12907384E+01   0.27506760E+00   0.83274766E+04   0.26354700E+01
  -0.12676895E+01   0.28148124E+00   0.84248402E+04   0.25526347E+01
  -0.12446406E+01   0.28804442E+00   0.85231402E+04   0.24716868E+01
  -0.12215917E+01   0.29476063E+00   0.86223724E+04   0.23925834E+01
  -0.11985428E+01   0.30163343E+00   0.87225316E+04   0.23152823E+01
  -0.11754939E+01   0.30866649E+00   0.88236114E+04   0.22397426E+01
  -0.11524450E+01   0.31586354E+00   0.89256041E+04   0.21659241E+01
  -0.11293961E+01   0.32322840E+00   0.90285004E+04   0.20937876E+01
  -0.11063472E+01   0.33076498E+00   0.91322901E+04   0.20232947E+01
  -0.10832983E+01   0.33847729E+00   0.92369610E+04   0.19544080E+01
  -0.10602494E+01   0.34636942E+00   0.93424995E+04   0.18870909E+01
  -0.10372005E+01   0.35444557E+00   0.94488904E+04   0.18213077E+01
  -0.10141516E+01   0.36271003E+00   0.95561165E+04   0.17570233E+01
  -0.99110269E+00   0.37116718E+00   0.96641590E+04   0.16942037E+01
  -0.96805379E+00   0.37982153E+00   0.97729970E+04   0.16328155E+01
  -0.94500489E+00   0.38867767E+00   0.98826076E+04   0.15728260E+01
  -0.92195599E+00   0.39774030E+00   0.99929658E+04   0.15142033E+01
  -0.89890709E+00   0.40701425E+00   0.10104045E+05   0.14569165E+01
  -0.87585819E+00   0.41650442E+00   0.10215815E+05   0.14009349E+01
  -0.85280929E+00   0.42621588E+00   0.10328244E+05   0.13462288E+01
  -0.82976039E+00   0.43615378E+00   0.10441299E+05   0.12927693E+01
  -0.80671149E+00   0.44632339E+00   0.10554944E+05   0.12405279E+01
  -0.78366259E+00   0.45673013E+00   0.10669139E+05   0.11894768E+01
  -0.76061369E+00   0.46737951E+00   0.10783844E+05   0.11395889E+01
  -0.73756479E+00   0.47827720E+00   0.10899015E+05   0.10908377E+01
  -0.71451589E+00   0.48942899E+00   0.11014605E+05   0.10431973E+01
  -0.69146699E+00   0.50084080E+00   0.11130568E+05   0.99664245E+00
  -0.66841810E+00   0.51251869E+00   0.11246852E+05   0.95114835E+00
  -0.64536920E+00   0.52446887E+00   0.11363405E+05   0.90669084E+00
  -0.62232030E+00   0.53669769E+00   0.11480171E+05   0.86324631E+00
  -0.59927140E+00   0.54921165E+00   0.11597094E+05   0.82079168E+00
  -0.57622250E+00   0.56201738E+00   0.11714115E+05   0.77930439E+00
  -0.55317360E+00   0.57512171E+00   0.11831173E+05   0.73876240E+00
  -0.53012470E+00   0.58853158E+00   0.11948207E+05   0.69914417E+00
  -0.50707580E+00   0.60225412E+00   0.12065153E+05   0.66042866E+00
  -0.48402690E+00   0.61629663E+00   0.12181947E+05   0.62259529E+00
  -0.46097800E+00   0.63066655E+00   0.12298522E+05   0.58562396E+00
  -0.43792910E+00   0.64537154E+00   0.12414814E+05   0.54949504E+00
  -0.41488020E+00   0.66041940E+00   0.12530754E+05   0.51418933E+00
  -0.39183130E+00   0.67581812E+00   0.12646278E+05   0.47968806E+00
  -0.36878240E+00   0.69157588E+00   0.12761318E+05   0.44597292E+00
  -0.34573350E+00   0.70770107E+00   0.12875808E+05   0.41302599E+00
  -0.32268460E+00   0.72420223E+00   0.12989684E+05   0.38082977E+00
  -0.29963570E+00   0.74108815E+00   0.13102879E+05   0.34936714E+00
  -0.27658680E+00   0.75836779E+00   0.13215332E+05   0.31862140E+00
  -0.25353790E+00   0.77605033E+00   0.13326982E+05   0.28857621E+00
  -0.23048900E+00   0.79414517E+00   0.13437767E+05   0.25921561E+00
  -0.20744010E+00   0.81266192E+00   0.13547630E+05   0.23052400E+00
  -0.18439120E+00   0.83161042E+00   0.13656516E+05   0.20248614E+00
  -0.16134230E+00   0.85100072E+00   0.13764371E+05   0.17508713E+00
  -0.13829340E+00   0.87084315E+00   0.13871145E+05   0.14831241E+00
  -0.11524450E+00   0.89114823E+00   0.13976790E+05   0.12214777E+00
  -0.92195599E-01   0.91192676E+00   0.14081261E+05   0.96579291E-01
  -0.69146699E-01   0.93318977E+00   0.14184515E+05   0.71593400E-01
  -0.46097800E-01   0.95494856E+00   0.14286515E+05   0.47176819E-01
  -0.23048900E-01   0.97721470E+00   0.14387224E+05   0.23316578E-01
   0.00000000E+00   0.10000000E+01   0.14486609E+05   0.00000000E+00
