   0.63779654E+20   0.28338571E-45   0.58195279E-46   0.10500453E-38   0.92342877E-75
   0.60906289E+20   0.28999329E-45   0.59552193E-46   0.10500452E-38   0.10126129E-74
   0.58162374E+20   0.29675494E-45   0.60940746E-46   0.10500452E-38   0.11104103E-74
   0.55542075E+20   0.30367425E-45   0.62361675E-46   0.10500452E-38   0.12176529E-74
   0.53039825E+20   0.31075489E-45   0.63815736E-46   0.10500452E-38   0.13352530E-74
   0.50650305E+20   0.31800063E-45   0.65303700E-46   0.10500452E-38   0.14642107E-74
   0.48368436E+20   0.32541531E-45   0.66826358E-46   0.10500452E-38   0.16056231E-74
   0.46189369E+20   0.33300288E-45   0.68384520E-46   0.10500452E-38   0.17606931E-74
   0.44108472E+20   0.34076736E-45   0.69979012E-46   0.10500452E-38   0.19307396E-74
   0.42121322E+20   0.34871289E-45   0.71610682E-46   0.10500452E-38   0.21172090E-74
   0.40223696E+20   0.35684368E-45   0.73280398E-46   0.10500452E-38   0.23216875E-74
   0.38411561E+20   0.36516405E-45   0.74989045E-46   0.10500452E-38   0.25459144E-74
   0.36681065E+20   0.37367842E-45   0.76737532E-46   0.10500451E-38   0.27917970E-74
   0.35028531E+20   0.38239132E-45   0.78526788E-46   0.10500451E-38   0.30614268E-74
   0.33450445E+20   0.39130737E-45   0.80357763E-46   0.10500451E-38   0.33570971E-74
   0.31943455E+20   0.40043131E-45   0.82231431E-46   0.10500451E-38   0.36813232E-74
   0.30504357E+20   0.40976800E-45   0.84148785E-46   0.10500451E-38   0.40368627E-74
   0.29130092E+20   0.41932238E-45   0.86110846E-46   0.10500451E-38   0.44267400E-74
   0.27817739E+20   0.42909954E-45   0.88118655E-46   0.10500451E-38   0.48542714E-74
   0.26564510E+20   0.43910467E-45   0.90173280E-46   0.10500451E-38   0.53230934E-74
   0.25367741E+20   0.44934308E-45   0.92275811E-46   0.10500451E-38   0.58371939E-74
   0.24224888E+20   0.45982022E-45   0.94427366E-46   0.10500450E-38   0.64009459E-74
   0.23133522E+20   0.47054165E-45   0.96629088E-46   0.10500450E-38   0.70191446E-74
   0.22091324E+20   0.48151306E-45   0.98882147E-46   0.10500450E-38   0.76970485E-74
   0.21096078E+20   0.49274029E-45   0.10118774E-45   0.10500450E-38   0.84404239E-74
   0.20145670E+20   0.50422930E-45   0.10354709E-45   0.10500450E-38   0.92555939E-74
   0.19238079E+20   0.51598620E-45   0.10596145E-45   0.10500450E-38   0.10149492E-73
   0.18371376E+20   0.52801722E-45   0.10843211E-45   0.10500450E-38   0.11129723E-73
   0.17543719E+20   0.54032877E-45   0.11096037E-45   0.10500449E-38   0.12204624E-73
   0.16753349E+20   0.55292738E-45   0.11354759E-45   0.10500449E-38   0.13383337E-73
   0.15998587E+20   0.56581975E-45   0.11619513E-45   0.10500449E-38   0.14675890E-73
   0.15277828E+20   0.57901272E-45   0.11890440E-45   0.10500449E-38   0.16093277E-73
   0.14589540E+20   0.59251331E-45   0.12167684E-45   0.10500449E-38   0.17647554E-73
   0.13932260E+20   0.60632868E-45   0.12451393E-45   0.10500449E-38   0.19351942E-73
   0.13304592E+20   0.62046618E-45   0.12741716E-45   0.10500448E-38   0.21220939E-73
   0.12705201E+20   0.63493332E-45   0.13038809E-45   0.10500448E-38   0.23270442E-73
   0.12132814E+20   0.64973778E-45   0.13342829E-45   0.10500448E-38   0.25517884E-73
   0.11586213E+20   0.66488743E-45   0.13653938E-45   0.10500448E-38   0.27982383E-73
   0.11064238E+20   0.68039032E-45   0.13972301E-45   0.10500448E-38   0.30684901E-73
   0.10565778E+20   0.69625468E-45   0.14298087E-45   0.10500448E-38   0.33648426E-73
   0.10089775E+20   0.71248894E-45   0.14631469E-45   0.10500447E-38   0.36898167E-73
   0.96352158E+19   0.72910173E-45   0.14972625E-45   0.10500447E-38   0.40461765E-73
   0.92011356E+19   0.74610187E-45   0.15321735E-45   0.10500447E-38   0.44369532E-73
   0.87866113E+19   0.76349840E-45   0.15678985E-45   0.10500447E-38   0.48654710E-73
   0.83907620E+19   0.78130056E-45   0.16044565E-45   0.10500447E-38   0.53353746E-73
   0.80127462E+19   0.79951780E-45   0.16418669E-45   0.10500446E-38   0.58506612E-73
   0.76517605E+19   0.81815980E-45   0.16801496E-45   0.10500446E-38   0.64157137E-73
   0.73070378E+19   0.83723647E-45   0.17193249E-45   0.10500446E-38   0.70353387E-73
   0.69778453E+19   0.85675794E-45   0.17594136E-45   0.10500446E-38   0.77148065E-73
   0.66634835E+19   0.87673458E-45   0.18004371E-45   0.10500445E-38   0.84598968E-73
   0.63632840E+19   0.89717701E-45   0.18424171E-45   0.10500445E-38   0.92769475E-73
   0.60766090E+19   0.91809608E-45   0.18853759E-45   0.10500445E-38   0.10172908E-72
   0.58028491E+19   0.93950292E-45   0.19293364E-45   0.10500445E-38   0.11155400E-72
   0.55414225E+19   0.96140889E-45   0.19743218E-45   0.10500444E-38   0.12232781E-72
   0.52917736E+19   0.98382563E-45   0.20203562E-45   0.10500444E-38   0.13414214E-72
   0.50533716E+19   0.10067651E-44   0.20674639E-45   0.10500444E-38   0.14709748E-72
   0.48257100E+19   0.10302393E-44   0.21156701E-45   0.10500444E-38   0.16130405E-72
   0.46083049E+19   0.10542610E-44   0.21650002E-45   0.10500443E-38   0.17688268E-72
   0.44006942E+19   0.10788427E-44   0.22154805E-45   0.10500443E-38   0.19396587E-72
   0.42024367E+19   0.11039976E-44   0.22671379E-45   0.10500443E-38   0.21269895E-72
   0.40131110E+19   0.11297390E-44   0.23199997E-45   0.10500442E-38   0.23324126E-72
   0.38323146E+19   0.11560806E-44   0.23740941E-45   0.10500442E-38   0.25576753E-72
   0.36596634E+19   0.11830364E-44   0.24294498E-45   0.10500442E-38   0.28046937E-72
   0.34947903E+19   0.12106207E-44   0.24860962E-45   0.10500441E-38   0.30755689E-72
   0.33373451E+19   0.12388482E-44   0.25440633E-45   0.10500441E-38   0.33726051E-72
   0.31869929E+19   0.12677339E-44   0.26033821E-45   0.10500441E-38   0.36983287E-72
   0.30434144E+19   0.12972931E-44   0.26640840E-45   0.10500440E-38   0.40555106E-72
   0.29063042E+19   0.13275415E-44   0.27262012E-45   0.10500440E-38   0.44471888E-72
   0.27753711E+19   0.13584951E-44   0.27897668E-45   0.10500440E-38   0.48766949E-72
   0.26503367E+19   0.13901705E-44   0.28548145E-45   0.10500439E-38   0.53476825E-72
   0.25309353E+19   0.14225845E-44   0.29213789E-45   0.10500439E-38   0.58641576E-72
   0.24169131E+19   0.14557543E-44   0.29894953E-45   0.10500438E-38   0.64305136E-72
   0.23080277E+19   0.14896974E-44   0.30592000E-45   0.10500438E-38   0.70515678E-72
   0.22040478E+19   0.15244320E-44   0.31305300E-45   0.10500438E-38   0.77326029E-72
   0.21047523E+19   0.15599765E-44   0.32035231E-45   0.10500437E-38   0.84794118E-72
   0.20099302E+19   0.15963497E-44   0.32782182E-45   0.10500437E-38   0.92983470E-72
   0.19193800E+19   0.16335711E-44   0.33546548E-45   0.10500436E-38   0.10196374E-71
   0.18329092E+19   0.16716603E-44   0.34328738E-45   0.10500436E-38   0.11181132E-71
   0.17503341E+19   0.17106376E-44   0.35129165E-45   0.10500435E-38   0.12260998E-71
   0.16714791E+19   0.17505237E-44   0.35948255E-45   0.10500435E-38   0.13445156E-71
   0.15961766E+19   0.17913399E-44   0.36786444E-45   0.10500434E-38   0.14743679E-71
   0.15242666E+19   0.18331077E-44   0.37644176E-45   0.10500434E-38   0.16167612E-71
   0.14555962E+19   0.18758494E-44   0.38521907E-45   0.10500433E-38   0.17729067E-71
   0.13900195E+19   0.19195877E-44   0.39420104E-45   0.10500433E-38   0.19441327E-71
   0.13273972E+19   0.19643458E-44   0.40339244E-45   0.10500432E-38   0.21318956E-71
   0.12675961E+19   0.20101475E-44   0.41279815E-45   0.10500432E-38   0.23377924E-71
   0.12104891E+19   0.20570172E-44   0.42242317E-45   0.10500431E-38   0.25635746E-71
   0.11559548E+19   0.21049797E-44   0.43227261E-45   0.10500431E-38   0.28111627E-71
   0.11038775E+19   0.21540605E-44   0.44235170E-45   0.10500430E-38   0.30826626E-71
   0.10541462E+19   0.22042857E-44   0.45266580E-45   0.10500429E-38   0.33803838E-71
   0.10066554E+19   0.22556819E-44   0.46322039E-45   0.10500429E-38   0.37068586E-71
   0.96130420E+18   0.23082766E-44   0.47402108E-45   0.10500428E-38   0.40648641E-71
   0.91799610E+18   0.23620975E-44   0.48507360E-45   0.10500427E-38   0.44574456E-71
   0.87663908E+18   0.24171734E-44   0.49638383E-45   0.10500427E-38   0.48879422E-71
   0.83714526E+18   0.24735335E-44   0.50795777E-45   0.10500426E-38   0.53600158E-71
   0.79943069E+18   0.25312076E-44   0.51980157E-45   0.10500425E-38   0.58776820E-71
   0.76341521E+18   0.25902266E-44   0.53192153E-45   0.10500425E-38   0.64453439E-71
   0.72902229E+18   0.26506216E-44   0.54432408E-45   0.10500424E-38   0.70678302E-71
   0.69617881E+18   0.27124248E-44   0.55701581E-45   0.10500423E-38   0.77504356E-71
   0.66481498E+18   0.27756691E-44   0.57000347E-45   0.10500422E-38   0.84989666E-71
   0.63486413E+18   0.28403880E-44   0.58329396E-45   0.10500422E-38   0.93197901E-71
   0.60626262E+18   0.29066159E-44   0.59689434E-45   0.10500421E-38   0.10219888E-70
   0.57894964E+18   0.29743880E-44   0.61081182E-45   0.10500420E-38   0.11206917E-70
   0.55286715E+18   0.30437403E-44   0.62505381E-45   0.10500419E-38   0.12289272E-70
   0.52795971E+18   0.31147097E-44   0.63962788E-45   0.10500418E-38   0.13476160E-70
   0.50417439E+18   0.31873338E-44   0.65454176E-45   0.10500418E-38   0.14777677E-70
   0.48146063E+18   0.32616512E-44   0.66980337E-45   0.10500417E-38   0.16204893E-70
   0.45977016E+18   0.33377015E-44   0.68542084E-45   0.10500416E-38   0.17769948E-70
   0.43905687E+18   0.34155249E-44   0.70140244E-45   0.10500415E-38   0.19486156E-70
   0.41927675E+18   0.34951630E-44   0.71775668E-45   0.10500414E-38   0.21368113E-70
   0.40038775E+18   0.35766579E-44   0.73449224E-45   0.10500413E-38   0.23431828E-70
   0.38234972E+18   0.36600530E-44   0.75161802E-45   0.10500412E-38   0.25694854E-70
   0.36512433E+18   0.37453925E-44   0.76914310E-45   0.10500411E-38   0.28176443E-70
   0.34867498E+18   0.38327219E-44   0.78707681E-45   0.10500410E-38   0.30897700E-70
   0.33296669E+18   0.39220874E-44   0.80542866E-45   0.10500409E-38   0.33881775E-70
   0.31796607E+18   0.40135366E-44   0.82420842E-45   0.10500408E-38   0.37154049E-70
   0.30364126E+18   0.41071181E-44   0.84342605E-45   0.10500406E-38   0.40742356E-70
   0.28996180E+18   0.42028816E-44   0.86309176E-45   0.10500405E-38   0.44677219E-70
   0.27689862E+18   0.43008780E-44   0.88321601E-45   0.10500404E-38   0.48992108E-70
   0.26442396E+18   0.44011592E-44   0.90380948E-45   0.10500403E-38   0.53723725E-70
   0.25251129E+18   0.45037787E-44   0.92488312E-45   0.10500402E-38   0.58912317E-70
   0.24113531E+18   0.46087908E-44   0.94644811E-45   0.10500400E-38   0.64602019E-70
   0.23027183E+18   0.47162515E-44   0.96851592E-45   0.10500399E-38   0.70841227E-70
   0.21989777E+18   0.48262177E-44   0.99109828E-45   0.10500398E-38   0.77683013E-70
   0.20999107E+18   0.49387479E-44   0.10142072E-44   0.10500396E-38   0.85185572E-70
   0.20053069E+18   0.50539020E-44   0.10378549E-44   0.10500395E-38   0.93412722E-70
   0.19149651E+18   0.51717410E-44   0.10620540E-44   0.10500394E-38   0.10243444E-69
   0.18286933E+18   0.52923275E-44   0.10868173E-44   0.10500392E-38   0.11232747E-69
   0.17463081E+18   0.54157258E-44   0.11121580E-44   0.10500391E-38   0.12317596E-69
   0.16676346E+18   0.55420011E-44   0.11380895E-44   0.10500389E-38   0.13507219E-69
   0.15925053E+18   0.56712208E-44   0.11646257E-44   0.10500388E-38   0.14811735E-69
   0.15207608E+18   0.58034534E-44   0.11917806E-44   0.10500386E-38   0.16242239E-69
   0.14522485E+18   0.59387691E-44   0.12195687E-44   0.10500384E-38   0.17810900E-69
   0.13868227E+18   0.60772400E-44   0.12480046E-44   0.10500383E-38   0.19531061E-69
   0.13243444E+18   0.62189394E-44   0.12771036E-44   0.10500381E-38   0.21417354E-69
   0.12646809E+18   0.63639427E-44   0.13068811E-44   0.10500379E-38   0.23485823E-69
   0.12077053E+18   0.65123270E-44   0.13373529E-44   0.10500377E-38   0.25754062E-69
   0.11532966E+18   0.66641710E-44   0.13685351E-44   0.10500376E-38   0.28241366E-69
   0.11013390E+18   0.68195554E-44   0.14004444E-44   0.10500374E-38   0.30968892E-69
   0.10517222E+18   0.69785629E-44   0.14330977E-44   0.10500372E-38   0.33959840E-69
   0.10043407E+18   0.71412777E-44   0.14665124E-44   0.10500370E-38   0.37239650E-69
   0.95909381E+17   0.73077865E-44   0.15007062E-44   0.10500368E-38   0.40836221E-69
   0.91588534E+17   0.74781776E-44   0.15356972E-44   0.10500366E-38   0.44780146E-69
   0.87462348E+17   0.76525416E-44   0.15715041E-44   0.10500364E-38   0.49104970E-69
   0.83522052E+17   0.78309711E-44   0.16081458E-44   0.10500362E-38   0.53847483E-69
   0.79759272E+17   0.80135608E-44   0.16456420E-44   0.10500359E-38   0.59048022E-69
   0.76166011E+17   0.82004079E-44   0.16840123E-44   0.10500357E-38   0.64750824E-69
   0.72734630E+17   0.83916115E-44   0.17232774E-44   0.10500355E-38   0.71004397E-69
   0.69457839E+17   0.85872733E-44   0.17634579E-44   0.10500352E-38   0.77861934E-69
   0.66328671E+17   0.87874971E-44   0.18045753E-44   0.10500350E-38   0.85381765E-69
   0.63340476E+17   0.89923893E-44   0.18466514E-44   0.10500348E-38   0.93627853E-69
   0.60486904E+17   0.92020589E-44   0.18897085E-44   0.10500345E-38   0.10267034E-68
   0.57761889E+17   0.94166171E-44   0.19337696E-44   0.10500342E-38   0.11258614E-68
   0.55159640E+17   0.96361779E-44   0.19788580E-44   0.10500340E-38   0.12345960E-68
   0.52674626E+17   0.98608581E-44   0.20249976E-44   0.10500337E-38   0.13538321E-68
   0.50301565E+17   0.10090777E-43   0.20722131E-44   0.10500334E-38   0.14845838E-68
   0.48035414E+17   0.10326056E-43   0.21205295E-44   0.10500331E-38   0.16279634E-68
   0.45871356E+17   0.10566822E-43   0.21699723E-44   0.10500329E-38   0.17851905E-68
   0.43804792E+17   0.10813201E-43   0.22205680E-44   0.10500326E-38   0.19576024E-68
   0.41831329E+17   0.11065325E-43   0.22723434E-44   0.10500323E-38   0.21466656E-68
   0.39946773E+17   0.11323327E-43   0.23253260E-44   0.10500319E-38   0.23539883E-68
   0.38147120E+17   0.11587344E-43   0.23795440E-44   0.10500316E-38   0.25813341E-68
   0.36428543E+17   0.11857518E-43   0.24350260E-44   0.10500313E-38   0.28306366E-68
   0.34787390E+17   0.12133991E-43   0.24918017E-44   0.10500310E-38   0.31040165E-68
   0.33220174E+17   0.12416910E-43   0.25499012E-44   0.10500306E-38   0.34037991E-68
   0.31723562E+17   0.12706426E-43   0.26093553E-44   0.10500303E-38   0.37325344E-68
   0.30294376E+17   0.13002692E-43   0.26701956E-44   0.10500299E-38   0.40930185E-68
   0.28929575E+17   0.13305865E-43   0.27324545E-44   0.10500296E-38   0.44883178E-68
   0.27626261E+17   0.13616108E-43   0.27961650E-44   0.10500292E-38   0.49217946E-68
   0.26381664E+17   0.13933584E-43   0.28613609E-44   0.10500288E-38   0.53971360E-68
   0.25193136E+17   0.14258462E-43   0.29280770E-44   0.10500284E-38   0.59183854E-68
   0.24058154E+17   0.14590915E-43   0.29963486E-44   0.10500280E-38   0.64899764E-68
   0.22974304E+17   0.14931119E-43   0.30662120E-44   0.10500276E-38   0.71167709E-68
   0.21939283E+17   0.15279256E-43   0.31377043E-44   0.10500272E-38   0.78041005E-68
   0.20950891E+17   0.15635509E-43   0.32108635E-44   0.10500267E-38   0.85578115E-68
   0.20007028E+17   0.16000069E-43   0.32857285E-44   0.10500263E-38   0.93843149E-68
   0.19105686E+17   0.16373129E-43   0.33623390E-44   0.10500259E-38   0.10290641E-67
   0.18244952E+17   0.16754887E-43   0.34407357E-44   0.10500254E-38   0.11284499E-67
   0.17422994E+17   0.17145546E-43   0.35209603E-44   0.10500249E-38   0.12374342E-67
   0.16638067E+17   0.17545313E-43   0.36030554E-44   0.10500244E-38   0.13569441E-67
   0.15888502E+17   0.17954402E-43   0.36870646E-44   0.10500240E-38   0.14879961E-67
   0.15172706E+17   0.18373028E-43   0.37730325E-44   0.10500234E-38   0.16317049E-67
   0.14489157E+17   0.18801415E-43   0.38610048E-44   0.10500229E-38   0.17892930E-67
   0.13836404E+17   0.19239790E-43   0.39510283E-44   0.10500224E-38   0.19621006E-67
   0.13213057E+17   0.19688386E-43   0.40431506E-44   0.10500219E-38   0.21515978E-67
   0.12617793E+17   0.20147441E-43   0.41374209E-44   0.10500213E-38   0.23593964E-67
   0.12049347E+17   0.20617199E-43   0.42338891E-44   0.10500207E-38   0.25872638E-67
   0.11506510E+17   0.21097910E-43   0.43326065E-44   0.10500202E-38   0.28371383E-67
   0.10988128E+17   0.21589829E-43   0.44336256E-44   0.10500196E-38   0.31111454E-67
   0.10493100E+17   0.22093217E-43   0.45369999E-44   0.10500190E-38   0.34116156E-67
   0.10020374E+17   0.22608342E-43   0.46427845E-44   0.10500183E-38   0.37411048E-67
   0.95689444E+16   0.23135477E-43   0.47510355E-44   0.10500177E-38   0.41024156E-67
   0.91378525E+16   0.23674903E-43   0.48618104E-44   0.10500171E-38   0.44986212E-67
   0.87261819E+16   0.24226905E-43   0.49751680E-44   0.10500164E-38   0.49330917E-67
   0.83330576E+16   0.24791777E-43   0.50911686E-44   0.10500157E-38   0.54095227E-67
   0.79576440E+16   0.25369820E-43   0.52098738E-44   0.10500150E-38   0.59319667E-67
   0.75991433E+16   0.25961340E-43   0.53313466E-44   0.10500143E-38   0.65048674E-67
   0.72567935E+16   0.26566651E-43   0.54556515E-44   0.10500136E-38   0.71330979E-67
   0.69298670E+16   0.27186075E-43   0.55828547E-44   0.10500128E-38   0.78220019E-67
   0.66176690E+16   0.27819941E-43   0.57130236E-44   0.10500121E-38   0.85774391E-67
   0.63195358E+16   0.28468586E-43   0.58462274E-44   0.10500113E-38   0.94058350E-67
   0.60348340E+16   0.29132353E-43   0.59825369E-44   0.10500105E-38   0.10314236E-66
   0.57629583E+16   0.29811597E-43   0.61220244E-44   0.10500097E-38   0.11310369E-66
   0.55033309E+16   0.30506677E-43   0.62647641E-44   0.10500088E-38   0.12402706E-66
   0.52554001E+16   0.31217963E-43   0.64108317E-44   0.10500080E-38   0.13600540E-66
   0.50186389E+16   0.31945832E-43   0.65603049E-44   0.10500071E-38   0.14914058E-66
   0.47925440E+16   0.32690672E-43   0.67132630E-44   0.10500062E-38   0.16354433E-66
   0.45766350E+16   0.33452877E-43   0.68697873E-44   0.10500053E-38   0.17933917E-66
   0.43704530E+16   0.34232853E-43   0.70299609E-44   0.10500043E-38   0.19665944E-66
   0.41735597E+16   0.35031014E-43   0.71938690E-44   0.10500034E-38   0.21565247E-66
   0.39855368E+16   0.35847784E-43   0.73615985E-44   0.10500024E-38   0.23647982E-66
   0.38059844E+16   0.36683596E-43   0.75332385E-44   0.10500014E-38   0.25931862E-66
   0.36345211E+16   0.37538895E-43   0.77088803E-44   0.10500003E-38   0.28436315E-66
   0.34707825E+16   0.38414135E-43   0.78886171E-44   0.10499993E-38   0.31182643E-66
   0.33144205E+16   0.39309781E-43   0.80725444E-44   0.10499982E-38   0.34194205E-66
   0.31651027E+16   0.40226309E-43   0.82607598E-44   0.10499971E-38   0.37496618E-66
   0.30225119E+16   0.41164204E-43   0.84533633E-44   0.10499960E-38   0.41117970E-66
   0.28863450E+16   0.42123966E-43   0.86504573E-44   0.10499948E-38   0.45089065E-66
   0.27563126E+16   0.43106104E-43   0.88521464E-44   0.10499936E-38   0.49443679E-66
   0.26321383E+16   0.44111140E-43   0.90585377E-44   0.10499924E-38   0.54218852E-66
   0.25135581E+16   0.45139608E-43   0.92697409E-44   0.10499912E-38   0.59455200E-66
   0.24003202E+16   0.46192053E-43   0.94858681E-44   0.10499899E-38   0.65197263E-66
   0.22921837E+16   0.47269035E-43   0.97070340E-44   0.10499886E-38   0.71493880E-66
   0.21889189E+16   0.48371126E-43   0.99333563E-44   0.10499873E-38   0.78398609E-66
   0.20903064E+16   0.49498911E-43   0.10164955E-43   0.10499859E-38   0.85970180E-66
   0.19961364E+16   0.50652989E-43   0.10401953E-43   0.10499845E-38   0.94272994E-66
   0.19062089E+16   0.51833974E-43   0.10644477E-43   0.10499831E-38   0.10337767E-65
   0.18203327E+16   0.53042491E-43   0.10892654E-43   0.10499817E-38   0.11336166E-65
   0.17383253E+16   0.54279183E-43   0.11146618E-43   0.10499802E-38   0.12430987E-65
   0.16600125E+16   0.55544707E-43   0.11406502E-43   0.10499786E-38   0.13631543E-65
   0.15852277E+16   0.56839735E-43   0.11672446E-43   0.10499771E-38   0.14948046E-65
   0.15138121E+16   0.58164955E-43   0.11944589E-43   0.10499755E-38   0.16391692E-65
   0.14456138E+16   0.59521070E-43   0.12223077E-43   0.10499738E-38   0.17974762E-65
   0.13804879E+16   0.60908801E-43   0.12508057E-43   0.10499722E-38   0.19710721E-65
   0.13182960E+16   0.62328884E-43   0.12799682E-43   0.10499705E-38   0.21614333E-65
   0.12589059E+16   0.63782074E-43   0.13098104E-43   0.10499687E-38   0.23701790E-65
   0.12021914E+16   0.65269142E-43   0.13403485E-43   0.10499669E-38   0.25990848E-65
   0.11480320E+16   0.66790879E-43   0.13715984E-43   0.10499651E-38   0.28500976E-65
   0.10963125E+16   0.68348091E-43   0.14035769E-43   0.10499632E-38   0.31253524E-65
   0.10469230E+16   0.69941607E-43   0.14363009E-43   0.10499613E-38   0.34271905E-65
   0.99975854E+15   0.71572272E-43   0.14697877E-43   0.10499593E-38   0.37581791E-65
   0.95471890E+15   0.73240952E-43   0.15040553E-43   0.10499573E-38   0.41211335E-65
   0.91170833E+15   0.74948533E-43   0.15391217E-43   0.10499553E-38   0.45191407E-65
   0.87063544E+15   0.76695923E-43   0.15750056E-43   0.10499531E-38   0.49555862E-65
   0.83141292E+15   0.78484048E-43   0.16117260E-43   0.10499510E-38   0.54341821E-65
   0.79395740E+15   0.80313859E-43   0.16493025E-43   0.10499488E-38   0.59589990E-65
   0.75818930E+15   0.82186327E-43   0.16877549E-43   0.10499465E-38   0.65345008E-65
   0.72403258E+15   0.84102446E-43   0.17271038E-43   0.10499442E-38   0.71655825E-65
   0.69141465E+15   0.86063233E-43   0.17673700E-43   0.10499419E-38   0.78576117E-65
   0.66026619E+15   0.88069730E-43   0.18085748E-43   0.10499394E-38   0.86164745E-65
   0.63052099E+15   0.90123003E-43   0.18507402E-43   0.10499370E-38   0.94486252E-65
   0.60211584E+15   0.92224140E-43   0.18938886E-43   0.10499344E-38   0.10361142E-64
   0.57499037E+15   0.94374259E-43   0.19380428E-43   0.10499318E-38   0.11361785E-64
   0.54908692E+15   0.96574500E-43   0.19832263E-43   0.10499292E-38   0.12459067E-64
   0.52435044E+15   0.98826031E-43   0.20294631E-43   0.10499265E-38   0.13662320E-64
   0.50072836E+15   0.10113005E-42   0.20767778E-43   0.10499237E-38   0.14981777E-64
   0.47817048E+15   0.10348778E-42   0.21251954E-43   0.10499209E-38   0.16428662E-64
   0.45662884E+15   0.10590046E-42   0.21747416E-43   0.10499179E-38   0.18015281E-64
   0.43605768E+15   0.10836939E-42   0.22254429E-43   0.10499150E-38   0.19755128E-64
   0.41641326E+15   0.11089587E-42   0.22773260E-43   0.10499119E-38   0.21663001E-64
   0.39765383E+15   0.11348125E-42   0.23304185E-43   0.10499088E-38   0.23755128E-64
   0.37973953E+15   0.11612689E-42   0.23847487E-43   0.10499056E-38   0.26049302E-64
   0.36263228E+15   0.11883420E-42   0.24403452E-43   0.10499024E-38   0.28565037E-64
   0.34629573E+15   0.12160462E-42   0.24972378E-43   0.10498990E-38   0.31323728E-64
   0.33069515E+15   0.12443962E-42   0.25554565E-43   0.10498956E-38   0.34348840E-64
   0.31579738E+15   0.12734070E-42   0.26150323E-43   0.10498921E-38   0.37666101E-64
   0.30157077E+15   0.13030941E-42   0.26759968E-43   0.10498885E-38   0.41303725E-64
   0.28798508E+15   0.13334731E-42   0.27383823E-43   0.10498849E-38   0.45292652E-64
   0.27501143E+15   0.13645603E-42   0.28022220E-43   0.10498811E-38   0.49666807E-64
   0.26262225E+15   0.13963721E-42   0.28675498E-43   0.10498773E-38   0.54463393E-64
   0.25079121E+15   0.14289254E-42   0.29344003E-43   0.10498734E-38   0.59723206E-64
   0.23949316E+15   0.14622374E-42   0.30028090E-43   0.10498693E-38   0.65490980E-64
   0.22870410E+15   0.14963259E-42   0.30728122E-43   0.10498652E-38   0.71815772E-64
   0.21840109E+15   0.15312090E-42   0.31444471E-43   0.10498610E-38   0.78751373E-64
   0.20856223E+15   0.15669051E-42   0.32177516E-43   0.10498567E-38   0.86356770E-64
   0.19916662E+15   0.16034333E-42   0.32927648E-43   0.10498523E-38   0.94696649E-64
   0.19019429E+15   0.16408128E-42   0.33695263E-43   0.10498478E-38   0.10384194E-63
   0.18162616E+15   0.16790636E-42   0.34480770E-43   0.10498432E-38   0.11387042E-63
   0.17344403E+15   0.17182059E-42   0.35284585E-43   0.10498385E-38   0.12486738E-63
   0.16563051E+15   0.17582605E-42   0.36107135E-43   0.10498337E-38   0.13692636E-63
   0.15816899E+15   0.17992486E-42   0.36948856E-43   0.10498287E-38   0.15014990E-63
   0.15104361E+15   0.18411921E-42   0.37810194E-43   0.10498237E-38   0.16465048E-63
   0.14423924E+15   0.18841131E-42   0.38691608E-43   0.10498185E-38   0.18055141E-63
   0.13774140E+15   0.19280344E-42   0.39593564E-43   0.10498132E-38   0.19798794E-63
   0.13153629E+15   0.19729794E-42   0.40516542E-43   0.10498078E-38   0.21710836E-63
   0.12561072E+15   0.20189719E-42   0.41461030E-43   0.10498022E-38   0.23807527E-63
   0.11995210E+15   0.20660362E-42   0.42427530E-43   0.10497966E-38   0.26106700E-63
   0.11454841E+15   0.21141974E-42   0.43416555E-43   0.10497908E-38   0.28627909E-63
   0.10938814E+15   0.21634811E-42   0.44428629E-43   0.10497848E-38   0.31392594E-63
   0.10446035E+15   0.22139132E-42   0.45464289E-43   0.10497787E-38   0.34424269E-63
   0.99754561E+14   0.22655207E-42   0.46524085E-43   0.10497725E-38   0.37748717E-63
   0.95260763E+14   0.23183308E-42   0.47608579E-43   0.10497662E-38   0.41394210E-63
   0.90969411E+14   0.23723716E-42   0.48718346E-43   0.10497596E-38   0.45391752E-63
   0.86871385E+14   0.24276718E-42   0.49853974E-43   0.10497530E-38   0.49775339E-63
   0.82957973E+14   0.24842606E-42   0.51016067E-43   0.10497462E-38   0.54582252E-63
   0.79220861E+14   0.25421682E-42   0.52205240E-43   0.10497392E-38   0.59853369E-63
   0.75652105E+14   0.26014252E-42   0.53422124E-43   0.10497320E-38   0.65633518E-63
   0.72244120E+14   0.26620630E-42   0.54667364E-43   0.10497247E-38   0.71971856E-63
   0.68989665E+14   0.27241138E-42   0.55941622E-43   0.10497172E-38   0.78922285E-63
   0.65881821E+14   0.27876104E-42   0.57245572E-43   0.10497096E-38   0.86543912E-63
   0.62913985E+14   0.28525867E-42   0.58579905E-43   0.10497018E-38   0.94901553E-63
   0.60079849E+14   0.29190770E-42   0.59945331E-43   0.10496937E-38   0.10406628E-62
   0.57373390E+14   0.29871165E-42   0.61342571E-43   0.10496855E-38   0.11411604E-62
   0.54788855E+14   0.30567414E-42   0.62772368E-43   0.10496771E-38   0.12513629E-62
   0.52320753E+14   0.31279886E-42   0.64235480E-43   0.10496686E-38   0.13722074E-62
   0.49963837E+14   0.32008958E-42   0.65732681E-43   0.10496598E-38   0.15047216E-62
   0.47713099E+14   0.32755016E-42   0.67264766E-43   0.10496508E-38   0.16500324E-62
   0.45563755E+14   0.33518457E-42   0.68832547E-43   0.10496416E-38   0.18093755E-62
   0.43511237E+14   0.34299685E-42   0.70436854E-43   0.10496322E-38   0.19841059E-62
   0.41551184E+14   0.35099115E-42   0.72078539E-43   0.10496225E-38   0.21757095E-62
   0.39679430E+14   0.35917168E-42   0.73758471E-43   0.10496127E-38   0.23858155E-62
   0.37891997E+14   0.36754281E-42   0.75477540E-43   0.10496026E-38   0.26162107E-62
   0.36185086E+14   0.37610895E-42   0.77236659E-43   0.10495922E-38   0.28688543E-62
   0.34555070E+14   0.38487465E-42   0.79036757E-43   0.10495817E-38   0.31458946E-62
   0.32998485E+14   0.39384455E-42   0.80878791E-43   0.10495709E-38   0.34496873E-62
   0.31512021E+14   0.40302341E-42   0.82763735E-43   0.10495598E-38   0.37828158E-62
   0.30092522E+14   0.41241608E-42   0.84692589E-43   0.10495485E-38   0.41481127E-62
   0.28736969E+14   0.42202756E-42   0.86666374E-43   0.10495369E-38   0.45486842E-62
   0.27442482E+14   0.43186292E-42   0.88686135E-43   0.10495250E-38   0.49879366E-62
   0.26206311E+14   0.44192738E-42   0.90752943E-43   0.10495129E-38   0.54696048E-62
   0.25025827E+14   0.45222626E-42   0.92867893E-43   0.10495005E-38   0.59977844E-62
   0.23898522E+14   0.46276503E-42   0.95032104E-43   0.10494878E-38   0.65769665E-62
   0.22822001E+14   0.47354926E-42   0.97246723E-43   0.10494748E-38   0.72120760E-62
   0.21793975E+14   0.48458467E-42   0.99512923E-43   0.10494615E-38   0.79085129E-62
   0.20812260E+14   0.49587709E-42   0.10183190E-42   0.10494479E-38   0.86721990E-62
   0.19874770E+14   0.50743251E-42   0.10420489E-42   0.10494340E-38   0.95096276E-62
   0.18979512E+14   0.51925705E-42   0.10663314E-42   0.10494197E-38   0.10427919E-61
   0.18124583E+14   0.53135696E-42   0.10911795E-42   0.10494051E-38   0.11434881E-61
   0.17308168E+14   0.54373866E-42   0.11166062E-42   0.10493902E-38   0.12539076E-61
   0.16528530E+14   0.55640869E-42   0.11426250E-42   0.10493749E-38   0.13749891E-61
   0.15784014E+14   0.56937375E-42   0.11692497E-42   0.10493593E-38   0.15077621E-61
   0.15073036E+14   0.58264072E-42   0.11964943E-42   0.10493433E-38   0.16533555E-61
   0.14394086E+14   0.59621661E-42   0.12243734E-42   0.10493269E-38   0.18130071E-61
   0.13745722E+14   0.61010861E-42   0.12529016E-42   0.10493102E-38   0.19880743E-61
   0.13126565E+14   0.62432406E-42   0.12820940E-42   0.10492931E-38   0.21800455E-61
   0.12535299E+14   0.63887048E-42   0.13119662E-42   0.10492755E-38   0.23905528E-61
   0.11970668E+14   0.65375558E-42   0.13425338E-42   0.10492576E-38   0.26213859E-61
   0.11431472E+14   0.66898721E-42   0.13738130E-42   0.10492392E-38   0.28745072E-61
   0.10916566E+14   0.68457345E-42   0.14058205E-42   0.10492204E-38   0.31520686E-61
   0.10424854E+14   0.70052252E-42   0.14385730E-42   0.10492012E-38   0.34564298E-61
   0.99552928E+13   0.71684287E-42   0.14720880E-42   0.10491815E-38   0.37901783E-61
   0.95068838E+13   0.73354312E-42   0.15063832E-42   0.10491614E-38   0.41561513E-61
   0.90786741E+13   0.75063210E-42   0.15414766E-42   0.10491408E-38   0.45574600E-61
   0.86697539E+13   0.76811884E-42   0.15773869E-42   0.10491197E-38   0.49975158E-61
   0.82792541E+13   0.78601258E-42   0.16141330E-42   0.10490982E-38   0.54800597E-61
   0.79063450E+13   0.80432278E-42   0.16517343E-42   0.10490761E-38   0.60091935E-61
   0.75502341E+13   0.82305912E-42   0.16902107E-42   0.10490535E-38   0.65894153E-61
   0.72101646E+13   0.84223149E-42   0.17295825E-42   0.10490304E-38   0.72256572E-61
   0.68854140E+13   0.86185002E-42   0.17698706E-42   0.10490068E-38   0.79233275E-61
   0.65752920E+13   0.88192507E-42   0.18110961E-42   0.10489826E-38   0.86883564E-61
   0.62791398E+13   0.90246724E-42   0.18532809E-42   0.10489578E-38   0.95272468E-61
   0.59963279E+13   0.92348738E-42   0.18964473E-42   0.10489325E-38   0.10447129E-60
   0.57262555E+13   0.94499659E-42   0.19406180E-42   0.10489065E-38   0.11455822E-60
   0.54683486E+13   0.96700622E-42   0.19858163E-42   0.10488800E-38   0.12561900E-60
   0.52220593E+13   0.98952788E-42   0.20320662E-42   0.10488529E-38   0.13774763E-60
   0.49868640E+13   0.10125735E-41   0.20793919E-42   0.10488251E-38   0.15104719E-60
   0.47622632E+13   0.10361551E-41   0.21278186E-42   0.10487967E-38   0.16563074E-60
   0.45477794E+13   0.10602853E-41   0.21773716E-42   0.10487676E-38   0.18162220E-60
   0.43429571E+13   0.10849768E-41   0.22280773E-42   0.10487378E-38   0.19915749E-60
   0.41473608E+13   0.11102425E-41   0.22799622E-42   0.10487074E-38   0.21838564E-60
   0.39605751E+13   0.11360958E-41   0.23330538E-42   0.10486762E-38   0.23947005E-60
   0.37822030E+13   0.11625503E-41   0.23873800E-42   0.10486443E-38   0.26258992E-60
   0.36118655E+13   0.11896200E-41   0.24429695E-42   0.10486117E-38   0.28794170E-60
   0.34492007E+13   0.12173191E-41   0.24998516E-42   0.10485783E-38   0.31574086E-60
   0.32938629E+13   0.12456622E-41   0.25580563E-42   0.10485441E-38   0.34622360E-60
   0.31455221E+13   0.12746643E-41   0.26176141E-42   0.10485092E-38   0.37964898E-60
   0.30038631E+13   0.13043406E-41   0.26785565E-42   0.10484734E-38   0.41630100E-60
   0.28685848E+13   0.13347067E-41   0.27409156E-42   0.10484368E-38   0.45649112E-60
   0.27393999E+13   0.13657787E-41   0.28047242E-42   0.10483993E-38   0.50056083E-60
   0.26160338E+13   0.13975729E-41   0.28700159E-42   0.10483610E-38   0.54888457E-60
   0.24982244E+13   0.14301061E-41   0.29368250E-42   0.10483218E-38   0.60187294E-60
   0.23857215E+13   0.14633952E-41   0.30051866E-42   0.10482817E-38   0.65997614E-60
   0.22782859E+13   0.14974579E-41   0.30751369E-42   0.10482406E-38   0.72368783E-60
   0.21756895E+13   0.15323121E-41   0.31467124E-42   0.10481986E-38   0.79354928E-60
   0.20777141E+13   0.15679761E-41   0.32199509E-42   0.10481556E-38   0.87015402E-60
   0.19841518E+13   0.16044686E-41   0.32948909E-42   0.10481116E-38   0.95415283E-60
   0.18948036E+13   0.16418088E-41   0.33715717E-42   0.10480666E-38   0.10462593E-59
   0.18094797E+13   0.16800163E-41   0.34500336E-42   0.10480206E-38   0.11472559E-59
   0.17279989E+13   0.17191113E-41   0.35303178E-42   0.10479734E-38   0.12580005E-59
   0.16501880E+13   0.17591141E-41   0.36124665E-42   0.10479252E-38   0.13794338E-59
   0.15758818E+13   0.18000459E-41   0.36965228E-42   0.10478759E-38   0.15125873E-59
   0.15049223E+13   0.18419281E-41   0.37825309E-42   0.10478254E-38   0.16585920E-59
   0.14371588E+13   0.18847826E-41   0.38705357E-42   0.10477738E-38   0.18186880E-59
   0.13724474E+13   0.19286320E-41   0.39605836E-42   0.10477209E-38   0.19942350E-59
   0.13106505E+13   0.19734992E-41   0.40527216E-42   0.10476668E-38   0.21867239E-59
   0.12516368E+13   0.20194078E-41   0.41469982E-42   0.10476115E-38   0.23977895E-59
   0.11952811E+13   0.20663818E-41   0.42434626E-42   0.10475549E-38   0.26292242E-59
   0.11414635E+13   0.21144458E-41   0.43421655E-42   0.10474969E-38   0.28829934E-59
   0.10900698E+13   0.21636250E-41   0.44431585E-42   0.10474377E-38   0.31612519E-59
   0.10409907E+13   0.22139451E-41   0.45464944E-42   0.10473770E-38   0.34663626E-59
   0.99412205E+12   0.22654325E-41   0.46522275E-42   0.10473149E-38   0.38009162E-59
   0.94936421E+12   0.23181141E-41   0.47604128E-42   0.10472514E-38   0.41677533E-59
   0.90662211E+12   0.23720174E-41   0.48711072E-42   0.10471865E-38   0.45699884E-59
   0.86580497E+12   0.24271706E-41   0.49843683E-42   0.10471200E-38   0.50110366E-59
   0.82682607E+12   0.24836026E-41   0.51002553E-42   0.10470520E-38   0.54946420E-59
   0.78960261E+12   0.25413428E-41   0.52188289E-42   0.10469824E-38   0.60249101E-59
   0.75405552E+12   0.26004213E-41   0.53401509E-42   0.10469112E-38   0.66063423E-59
   0.72010929E+12   0.26608690E-41   0.54642847E-42   0.10468383E-38   0.72438739E-59
   0.68769182E+12   0.27227175E-41   0.55912949E-42   0.10467637E-38   0.79429165E-59
   0.65673425E+12   0.27859989E-41   0.57212478E-42   0.10466875E-38   0.87094030E-59
   0.62717081E+12   0.28507463E-41   0.58542112E-42   0.10466094E-38   0.95498389E-59
   0.59893871E+12   0.29169934E-41   0.59902543E-42   0.10465296E-38   0.10471357E-58
   0.57197799E+12   0.29847747E-41   0.61294480E-42   0.10464479E-38   0.11481776E-58
   0.54623138E+12   0.30541254E-41   0.62718647E-42   0.10463643E-38   0.12589672E-58
   0.52164419E+12   0.31250817E-41   0.64175785E-42   0.10462788E-38   0.13804446E-58
   0.49816420E+12   0.31976805E-41   0.65666652E-42   0.10461912E-38   0.15136403E-58
   0.47574155E+12   0.32719594E-41   0.67192023E-42   0.10461017E-38   0.16596846E-58
   0.45432860E+12   0.33479571E-41   0.68752690E-42   0.10460101E-38   0.18198164E-58
   0.43387988E+12   0.34257130E-41   0.70349464E-42   0.10459164E-38   0.19953941E-58
   0.41435197E+12   0.35052675E-41   0.71983172E-42   0.10458205E-38   0.21879073E-58
   0.39570338E+12   0.35866619E-41   0.73654663E-42   0.10457224E-38   0.23989887E-58
   0.37789451E+12   0.36699382E-41   0.75364803E-42   0.10456220E-38   0.26304288E-58
   0.36088754E+12   0.37551398E-41   0.77114478E-42   0.10455193E-38   0.28841905E-58
   0.34464636E+12   0.38423106E-41   0.78904593E-42   0.10454142E-38   0.31624257E-58
   0.32913647E+12   0.39314958E-41   0.80736075E-42   0.10453067E-38   0.34674940E-58
   0.31432493E+12   0.40227416E-41   0.82609871E-42   0.10451968E-38   0.38019820E-58
   0.30018030E+12   0.41160949E-41   0.84526950E-42   0.10450842E-38   0.41687259E-58
   0.28667254E+12   0.42116042E-41   0.86488301E-42   0.10449691E-38   0.45708349E-58
   0.27377296E+12   0.43093186E-41   0.88494936E-42   0.10448513E-38   0.50117179E-58
   0.26145417E+12   0.44092886E-41   0.90547892E-42   0.10447308E-38   0.54951123E-58
   0.24969002E+12   0.45115657E-41   0.92648225E-42   0.10446075E-38   0.60251153E-58
   0.23845552E+12   0.46162026E-41   0.94797017E-42   0.10444814E-38   0.66062189E-58
   0.22772682E+12   0.47232530E-41   0.96995375E-42   0.10443524E-38   0.72433479E-58
   0.21748115E+12   0.48327722E-41   0.99244429E-42   0.10442204E-38   0.79419013E-58
   0.20769674E+12   0.49448163E-41   0.10154533E-41   0.10440853E-38   0.87077982E-58
   0.19835283E+12   0.50594429E-41   0.10389927E-41   0.10439472E-38   0.95475275E-58
   0.18942957E+12   0.51767107E-41   0.10630745E-41   0.10438058E-38   0.10468203E-57
   0.18090803E+12   0.52966800E-41   0.10877111E-41   0.10436612E-38   0.11477625E-57
   0.17277011E+12   0.54194122E-41   0.11129150E-41   0.10435133E-38   0.12584342E-57
   0.16499853E+12   0.55449700E-41   0.11386992E-41   0.10433619E-38   0.13797727E-57
   0.15757680E+12   0.56734178E-41   0.11650769E-41   0.10432071E-38   0.15128056E-57
   0.15048917E+12   0.58048210E-41   0.11920615E-41   0.10430487E-38   0.16586595E-57
   0.14372058E+12   0.59392468E-41   0.12196667E-41   0.10428867E-38   0.18185691E-57
   0.13725667E+12   0.60767637E-41   0.12479068E-41   0.10427209E-38   0.19938882E-57
   0.13108372E+12   0.62174418E-41   0.12767961E-41   0.10425514E-38   0.21861010E-57
   0.12518862E+12   0.63613526E-41   0.13063492E-41   0.10423779E-38   0.23968342E-57
   0.11955887E+12   0.65085695E-41   0.13365812E-41   0.10422004E-38   0.26278713E-57
   0.11418252E+12   0.66591670E-41   0.13675075E-41   0.10420189E-38   0.28811674E-57
   0.10904815E+12   0.68132216E-41   0.13991437E-41   0.10418332E-38   0.31588655E-57
   0.10414487E+12   0.69708114E-41   0.14315059E-41   0.10416433E-38   0.34633149E-57
   0.99462268E+11   0.71320162E-41   0.14646105E-41   0.10414490E-38   0.37970909E-57
   0.94990416E+11   0.72969175E-41   0.14984741E-41   0.10412502E-38   0.41630166E-57
   0.90719819E+11   0.74655986E-41   0.15331140E-41   0.10410469E-38   0.45641864E-57
   0.86641415E+11   0.76381446E-41   0.15685476E-41   0.10408389E-38   0.50039924E-57
   0.82746552E+11   0.78146424E-41   0.16047926E-41   0.10406262E-38   0.54861528E-57
   0.79026965E+11   0.79951808E-41   0.16418675E-41   0.10404085E-38   0.60147435E-57
   0.75474761E+11   0.81798507E-41   0.16797908E-41   0.10401860E-38   0.65942321E-57
   0.72082404E+11   0.83687446E-41   0.17185815E-41   0.10399583E-38   0.72295155E-57
   0.68842697E+11   0.85619572E-41   0.17582591E-41   0.10397254E-38   0.79259617E-57
   0.65748767E+11   0.87595854E-41   0.17988434E-41   0.10394872E-38   0.86894541E-57
   0.62794050E+11   0.89617279E-41   0.18403548E-41   0.10392435E-38   0.95264420E-57
   0.59972279E+11   0.91684855E-41   0.18828140E-41   0.10389943E-38   0.10443994E-56
   0.57277469E+11   0.93799614E-41   0.19262421E-41   0.10387394E-38   0.11449858E-56
   0.54703902E+11   0.95962608E-41   0.19706607E-41   0.10384787E-38   0.12552525E-56
   0.52246121E+11   0.98174912E-41   0.20160919E-41   0.10382120E-38   0.13761305E-56
   0.49898913E+11   0.10043762E-40   0.20625583E-41   0.10379393E-38   0.15086398E-56
   0.47657300E+11   0.10275186E-40   0.21100829E-41   0.10376603E-38   0.16538985E-56
   0.45516528E+11   0.10511877E-40   0.21586891E-41   0.10373750E-38   0.18131322E-56
   0.43472057E+11   0.10753953E-40   0.22084010E-41   0.10370832E-38   0.19876840E-56
   0.41519552E+11   0.11001532E-40   0.22592431E-41   0.10367848E-38   0.21790259E-56
   0.39654874E+11   0.11254736E-40   0.23112403E-41   0.10364796E-38   0.23887713E-56
   0.37874068E+11   0.11513689E-40   0.23644183E-41   0.10361675E-38   0.26186883E-56
   0.36173359E+11   0.11778519E-40   0.24188031E-41   0.10358483E-38   0.28707147E-56
   0.34549142E+11   0.12049355E-40   0.24744212E-41   0.10355218E-38   0.31469742E-56
   0.32997973E+11   0.12326330E-40   0.25312999E-41   0.10351880E-38   0.34497941E-56
   0.31516565E+11   0.12609578E-40   0.25894668E-41   0.10348465E-38   0.37817251E-56
   0.30101777E+11   0.12899236E-40   0.26489503E-41   0.10344974E-38   0.41455623E-56
   0.28750610E+11   0.13195447E-40   0.27097792E-41   0.10341404E-38   0.45443689E-56
   0.27460202E+11   0.13498352E-40   0.27719830E-41   0.10337753E-38   0.49815014E-56
   0.26227817E+11   0.13808099E-40   0.28355917E-41   0.10334019E-38   0.54606384E-56
   0.25050844E+11   0.14124836E-40   0.29006359E-41   0.10330201E-38   0.59858108E-56
   0.23926789E+11   0.14448716E-40   0.29671471E-41   0.10326297E-38   0.65614356E-56
   0.22853271E+11   0.14779895E-40   0.30351571E-41   0.10322305E-38   0.71923529E-56
   0.21828014E+11   0.15118531E-40   0.31046983E-41   0.10318224E-38   0.78838665E-56
   0.20848848E+11   0.15464786E-40   0.31758042E-41   0.10314050E-38   0.86417878E-56
   0.19913697E+11   0.15818824E-40   0.32485085E-41   0.10309783E-38   0.94724847E-56
   0.19020582E+11   0.16180814E-40   0.33228457E-41   0.10305419E-38   0.10382934E-55
   0.18167610E+11   0.16550927E-40   0.33988511E-41   0.10300958E-38   0.11380782E-55
   0.17352976E+11   0.16929338E-40   0.34765606E-41   0.10296397E-38   0.12474404E-55
   0.16574953E+11   0.17316226E-40   0.35560108E-41   0.10291734E-38   0.13672978E-55
   0.15831895E+11   0.17711773E-40   0.36372390E-41   0.10286966E-38   0.14986558E-55
   0.15122229E+11   0.18116162E-40   0.37202833E-41   0.10282091E-38   0.16426162E-55
   0.14444451E+11   0.18529585E-40   0.38051825E-41   0.10277108E-38   0.18003860E-55
   0.13797128E+11   0.18952232E-40   0.38919762E-41   0.10272014E-38   0.19732873E-55
   0.13178889E+11   0.19384300E-40   0.39807045E-41   0.10266806E-38   0.21627689E-55
   0.12588425E+11   0.19825989E-40   0.40714085E-41   0.10261482E-38   0.23704178E-55
   0.12024488E+11   0.20277503E-40   0.41641301E-41   0.10256040E-38   0.25979724E-55
   0.11485883E+11   0.20739049E-40   0.42589119E-41   0.10250476E-38   0.28473374E-55
   0.10971471E+11   0.21210839E-40   0.43557973E-41   0.10244790E-38   0.31205990E-55
   0.10480164E+11   0.21693088E-40   0.44548306E-41   0.10238977E-38   0.34200427E-55
   0.10010923E+11   0.22186015E-40   0.45560566E-41   0.10233035E-38   0.37481717E-55
   0.95627545E+10   0.22689843E-40   0.46595214E-41   0.10226962E-38   0.41077282E-55
   0.91347112E+10   0.23204800E-40   0.47652715E-41   0.10220755E-38   0.45017158E-55
   0.87258878E+10   0.23731118E-40   0.48733546E-41   0.10214411E-38   0.49334242E-55
   0.83354200E+10   0.24269031E-40   0.49838190E-41   0.10207927E-38   0.54064568E-55
   0.79624822E+10   0.24818781E-40   0.50967139E-41   0.10201301E-38   0.59247601E-55
   0.76062861E+10   0.25380610E-40   0.52120895E-41   0.10194529E-38   0.64926562E-55
   0.72660787E+10   0.25954767E-40   0.53299969E-41   0.10187608E-38   0.71148791E-55
   0.69411411E+10   0.26541506E-40   0.54504878E-41   0.10180536E-38   0.77966129E-55
   0.66307867E+10   0.27141082E-40   0.55736150E-41   0.10173309E-38   0.85435349E-55
   0.63343598E+10   0.27753758E-40   0.56994324E-41   0.10165924E-38   0.93618627E-55
   0.60512340E+10   0.28379799E-40   0.58279944E-41   0.10158378E-38   0.10258404E-54
   0.57808116E+10   0.29019475E-40   0.59593566E-41   0.10150668E-38   0.11240616E-54
   0.55225212E+10   0.29673063E-40   0.60935754E-41   0.10142790E-38   0.12316660E-54
   0.52758174E+10   0.30340840E-40   0.62307082E-41   0.10134740E-38   0.13495476E-54
   0.50401796E+10   0.31023091E-40   0.63708134E-41   0.10126517E-38   0.14786851E-54
   0.48151101E+10   0.31720105E-40   0.65139502E-41   0.10118115E-38   0.16201502E-54
   0.46001340E+10   0.32432175E-40   0.66601787E-41   0.10109532E-38   0.17751161E-54
   0.43947976E+10   0.33159598E-40   0.68095602E-41   0.10100764E-38   0.19448673E-54
   0.41986676E+10   0.33902676E-40   0.69621567E-41   0.10091808E-38   0.21308100E-54
   0.40113303E+10   0.34661718E-40   0.71180314E-41   0.10082658E-38   0.23344838E-54
   0.38323906E+10   0.35437035E-40   0.72772482E-41   0.10073313E-38   0.25575738E-54
   0.36614711E+10   0.36228943E-40   0.74398721E-41   0.10063768E-38   0.28019249E-54
   0.34982114E+10   0.37037763E-40   0.76059691E-41   0.10054019E-38   0.30695564E-54
   0.33422674E+10   0.37863821E-40   0.77756061E-41   0.10044062E-38   0.33626784E-54
   0.31933103E+10   0.38707448E-40   0.79488510E-41   0.10033893E-38   0.36837103E-54
   0.30510263E+10   0.39568980E-40   0.81257726E-41   0.10023508E-38   0.40352998E-54
   0.29151157E+10   0.40448754E-40   0.83064406E-41   0.10012904E-38   0.44203447E-54
   0.27852920E+10   0.41347118E-40   0.84909259E-41   0.10002075E-38   0.48420164E-54
   0.26612819E+10   0.42264418E-40   0.86793002E-41   0.99910187E-39   0.53037854E-54
   0.25428244E+10   0.43201010E-40   0.88716360E-41   0.99797295E-39   0.58094494E-54
   0.24296700E+10   0.44157251E-40   0.90680069E-41   0.99682033E-39   0.63631643E-54
   0.23215806E+10   0.45133505E-40   0.92684876E-41   0.99564360E-39   0.69694771E-54
   0.22183287E+10   0.46130138E-40   0.94731533E-41   0.99444230E-39   0.76333630E-54
   0.21196972E+10   0.47147522E-40   0.96820805E-41   0.99321599E-39   0.83602655E-54
   0.20254786E+10   0.48186034E-40   0.98953463E-41   0.99196421E-39   0.91561397E-54
   0.19354748E+10   0.49246054E-40   0.10113029E-40   0.99068651E-39   0.10027501E-53
   0.18494965E+10   0.50327967E-40   0.10335208E-40   0.98938242E-39   0.10981475E-53
   0.17673632E+10   0.51432162E-40   0.10561962E-40   0.98805147E-39   0.12025859E-53
   0.16889022E+10   0.52559031E-40   0.10793372E-40   0.98669319E-39   0.13169179E-53
   0.16139488E+10   0.53708972E-40   0.11029521E-40   0.98530710E-39   0.14420762E-53
   0.15423455E+10   0.54882386E-40   0.11270490E-40   0.98389272E-39   0.15790809E-53
   0.14739420E+10   0.56079678E-40   0.11516362E-40   0.98244955E-39   0.17290476E-53
   0.14085947E+10   0.57301255E-40   0.11767222E-40   0.98097712E-39   0.18931961E-53
   0.13461666E+10   0.58547531E-40   0.12023154E-40   0.97947491E-39   0.20728605E-53
   0.12865267E+10   0.59818920E-40   0.12284243E-40   0.97794243E-39   0.22694995E-53
   0.12295500E+10   0.61115842E-40   0.12550575E-40   0.97637918E-39   0.24847080E-53
   0.11751169E+10   0.62438718E-40   0.12822237E-40   0.97478464E-39   0.27202296E-53
   0.11231135E+10   0.63787973E-40   0.13099316E-40   0.97315830E-39   0.29779707E-53
   0.10734308E+10   0.65164036E-40   0.13381900E-40   0.97149966E-39   0.32600152E-53
   0.10259647E+10   0.66567336E-40   0.13670078E-40   0.96980818E-39   0.35686409E-53
   0.98061596E+09   0.67998306E-40   0.13963938E-40   0.96808335E-39   0.39063378E-53
   0.93728958E+09   0.69457381E-40   0.14263569E-40   0.96632464E-39   0.42758272E-53
   0.89589493E+09   0.70945000E-40   0.14569062E-40   0.96453153E-39   0.46800830E-53
   0.85634547E+09   0.72461599E-40   0.14880507E-40   0.96270349E-39   0.51223555E-53
   0.81855850E+09   0.74007621E-40   0.15197994E-40   0.96083998E-39   0.56061959E-53
   0.78245507E+09   0.75583507E-40   0.15521613E-40   0.95894047E-39   0.61354850E-53
   0.74795977E+09   0.77189700E-40   0.15851456E-40   0.95700444E-39   0.67144623E-53
   0.71500056E+09   0.78826643E-40   0.16187614E-40   0.95503134E-39   0.73477598E-53
   0.68350866E+09   0.80494781E-40   0.16530178E-40   0.95302063E-39   0.80404373E-53
   0.65341836E+09   0.82194559E-40   0.16879240E-40   0.95097179E-39   0.87980220E-53
   0.62466692E+09   0.83926419E-40   0.17234890E-40   0.94888428E-39   0.96265507E-53
   0.59719439E+09   0.85690808E-40   0.17597219E-40   0.94675757E-39   0.10532617E-52
   0.57094355E+09   0.87488166E-40   0.17966320E-40   0.94459111E-39   0.11523420E-52
   0.54585971E+09   0.89318937E-40   0.18342282E-40   0.94238437E-39   0.12606823E-52
   0.52189065E+09   0.91183561E-40   0.18725196E-40   0.94013684E-39   0.13791410E-52
   0.49898652E+09   0.93082477E-40   0.19115152E-40   0.93784796E-39   0.15086555E-52
   0.47709967E+09   0.95016120E-40   0.19512239E-40   0.93551723E-39   0.16502490E-52
   0.45618461E+09   0.96984925E-40   0.19916547E-40   0.93314412E-39   0.18050384E-52
   0.43619789E+09   0.98989322E-40   0.20328164E-40   0.93072811E-39   0.19742430E-52
   0.41709800E+09   0.10102974E-39   0.20747178E-40   0.92826868E-39   0.21591932E-52
   0.39884530E+09   0.10310660E-39   0.21173676E-40   0.92576532E-39   0.23613413E-52
   0.38140193E+09   0.10522031E-39   0.21607743E-40   0.92321754E-39   0.25822717E-52
   0.36473174E+09   0.10737131E-39   0.22049465E-40   0.92062482E-39   0.28237134E-52
   0.34880017E+09   0.10955998E-39   0.22498925E-40   0.91798669E-39   0.30875525E-52
   0.33357423E+09   0.11178674E-39   0.22956206E-40   0.91530265E-39   0.33758468E-52
   0.31902242E+09   0.11405198E-39   0.23421389E-40   0.91257222E-39   0.36908406E-52
   0.30511465E+09   0.11635609E-39   0.23894554E-40   0.90979495E-39   0.40349821E-52
   0.29182215E+09   0.11869945E-39   0.24375780E-40   0.90697036E-39   0.44109408E-52
   0.27911747E+09   0.12108243E-39   0.24865142E-40   0.90409802E-39   0.48216278E-52
   0.26697438E+09   0.12350540E-39   0.25362717E-40   0.90117747E-39   0.52702175E-52
   0.25536784E+09   0.12596872E-39   0.25868576E-40   0.89820830E-39   0.57601702E-52
   0.24427391E+09   0.12847272E-39   0.26382790E-40   0.89519008E-39   0.62952583E-52
   0.23366974E+09   0.13101774E-39   0.26905429E-40   0.89212242E-39   0.68795936E-52
   0.22353349E+09   0.13360412E-39   0.27436559E-40   0.88900492E-39   0.75176575E-52
   0.21384431E+09   0.13623215E-39   0.27976244E-40   0.88583720E-39   0.82143334E-52
   0.20458228E+09   0.13890213E-39   0.28524546E-40   0.88261891E-39   0.89749426E-52
   0.19572838E+09   0.14161437E-39   0.29081522E-40   0.87934970E-39   0.98052825E-52
   0.18726443E+09   0.14436912E-39   0.29647230E-40   0.87602924E-39   0.10711669E-51
   0.17917307E+09   0.14716665E-39   0.30221723E-40   0.87265722E-39   0.11700980E-51
   0.17143771E+09   0.15000720E-39   0.30805050E-40   0.86923334E-39   0.12780710E-51
   0.16404252E+09   0.15289100E-39   0.31397259E-40   0.86575733E-39   0.13959017E-51
   0.15697237E+09   0.15581826E-39   0.31998393E-40   0.86222894E-39   0.15244784E-51
   0.15021280E+09   0.15878917E-39   0.32608491E-40   0.85864793E-39   0.16647685E-51
   0.14375000E+09   0.16180392E-39   0.33227591E-40   0.85501408E-39   0.18178249E-51
   0.13757078E+09   0.16486266E-39   0.33855724E-40   0.85132721E-39   0.19847935E-51
   0.13166255E+09   0.16796553E-39   0.34492920E-40   0.84758715E-39   0.21669217E-51
   0.12601326E+09   0.17111264E-39   0.35139204E-40   0.84379374E-39   0.23655667E-51
   0.12061143E+09   0.17430411E-39   0.35794595E-40   0.83994689E-39   0.25822052E-51
   0.11544607E+09   0.17754001E-39   0.36459109E-40   0.83604647E-39   0.28184439E-51
   0.11050669E+09   0.18082039E-39   0.37132759E-40   0.83209244E-39   0.30760301E-51
   0.10578326E+09   0.18414529E-39   0.37815552E-40   0.82808475E-39   0.33568647E-51
   0.10126621E+09   0.18751473E-39   0.38507489E-40   0.82402338E-39   0.36630144E-51
   0.96946390E+08   0.19092868E-39   0.39208568E-40   0.81990835E-39   0.39967266E-51
   0.92815065E+08   0.19438711E-39   0.39918782E-40   0.81573970E-39   0.43604445E-51
   0.88863887E+08   0.19788997E-39   0.40638118E-40   0.81151751E-39   0.47568242E-51
   0.85084880E+08   0.20143715E-39   0.41366558E-40   0.80724188E-39   0.51887523E-51
   0.81470425E+08   0.20502856E-39   0.42104080E-40   0.80291295E-39   0.56593656E-51
   0.78013243E+08   0.20866405E-39   0.42850653E-40   0.79853089E-39   0.61720730E-51
   0.74706381E+08   0.21234345E-39   0.43606245E-40   0.79409590E-39   0.67305774E-51
   0.71543194E+08   0.21606657E-39   0.44370814E-40   0.78960821E-39   0.73389016E-51
   0.68517336E+08   0.21983319E-39   0.45144316E-40   0.78506809E-39   0.80014146E-51
   0.65622743E+08   0.22364305E-39   0.45926699E-40   0.78047584E-39   0.87228610E-51
   0.62853621E+08   0.22749588E-39   0.46717905E-40   0.77583181E-39   0.95083927E-51
   0.60204435E+08   0.23139137E-39   0.47517870E-40   0.77113636E-39   0.10363603E-50
   0.57669896E+08   0.23532917E-39   0.48326525E-40   0.76638990E-39   0.11294562E-50
   0.55244951E+08   0.23930891E-39   0.49143794E-40   0.76159289E-39   0.12307859E-50
   0.52924773E+08   0.24333020E-39   0.49969595E-40   0.75674579E-39   0.13410646E-50
   0.50704749E+08   0.24739261E-39   0.50803839E-40   0.75184914E-39   0.14610680E-50
   0.48580472E+08   0.25149567E-39   0.51646432E-40   0.74690349E-39   0.15916379E-50
   0.46547730E+08   0.25563889E-39   0.52497272E-40   0.74190943E-39   0.17336870E-50
   0.44602500E+08   0.25982175E-39   0.53356252E-40   0.73686759E-39   0.18882057E-50
   0.42740938E+08   0.26404369E-39   0.54223257E-40   0.73177865E-39   0.20562676E-50
   0.40959369E+08   0.26830412E-39   0.55098167E-40   0.72664331E-39   0.22390367E-50
   0.39254283E+08   0.27260243E-39   0.55980856E-40   0.72146231E-39   0.24377750E-50
   0.37622326E+08   0.27693796E-39   0.56871189E-40   0.71623644E-39   0.26538503E-50
   0.36060294E+08   0.28131005E-39   0.57769027E-40   0.71096652E-39   0.28887450E-50
   0.34565122E+08   0.28571796E-39   0.58674224E-40   0.70565341E-39   0.31440651E-50
   0.33133884E+08   0.29016097E-39   0.59586628E-40   0.70029799E-39   0.34215510E-50
   0.31763784E+08   0.29463830E-39   0.60506079E-40   0.69490122E-39   0.37230875E-50
   0.30452149E+08   0.29914914E-39   0.61432412E-40   0.68946404E-39   0.40507164E-50
   0.29196424E+08   0.30369266E-39   0.62365457E-40   0.68398748E-39   0.44066484E-50
   0.27994168E+08   0.30826800E-39   0.63305035E-40   0.67847256E-39   0.47932776E-50
   0.26843050E+08   0.31287426E-39   0.64250964E-40   0.67292037E-39   0.52131954E-50
   0.25740839E+08   0.31751053E-39   0.65203055E-40   0.66733201E-39   0.56692072E-50
   0.24685405E+08   0.32217585E-39   0.66161112E-40   0.66170863E-39   0.61643489E-50
   0.23674712E+08   0.32686925E-39   0.67124935E-40   0.65605141E-39   0.67019059E-50
   0.22706813E+08   0.33158972E-39   0.68094318E-40   0.65036155E-39   0.72854327E-50
   0.21779849E+08   0.33633624E-39   0.69069049E-40   0.64464030E-39   0.79187747E-50
   0.20892042E+08   0.34110775E-39   0.70048913E-40   0.63888893E-39   0.86060910E-50
   0.20041693E+08   0.34590317E-39   0.71033686E-40   0.63310874E-39   0.93518799E-50
   0.19227177E+08   0.35072139E-39   0.72023144E-40   0.62730105E-39   0.10161005E-49
   0.18446942E+08   0.35556130E-39   0.73017053E-40   0.62146724E-39   0.11038725E-49
   0.17699505E+08   0.36042175E-39   0.74015180E-40   0.61560867E-39   0.11990725E-49
   0.16983447E+08   0.36530156E-39   0.75017284E-40   0.60972675E-39   0.13023149E-49
   0.16297412E+08   0.37019955E-39   0.76023121E-40   0.60382293E-39   0.14142638E-49
   0.15640104E+08   0.37511451E-39   0.77032443E-40   0.59789864E-39   0.15356365E-49
   0.15010285E+08   0.38004522E-39   0.78045000E-40   0.59195538E-39   0.16672083E-49
   0.14406769E+08   0.38499044E-39   0.79060536E-40   0.58599462E-39   0.18098166E-49
   0.13828424E+08   0.38994891E-39   0.80078794E-40   0.58001789E-39   0.19643658E-49
   0.13274168E+08   0.39491937E-39   0.81099513E-40   0.57402671E-39   0.21318327E-49
   0.12742966E+08   0.39990053E-39   0.82122431E-40   0.56802263E-39   0.23132719E-49
   0.12233828E+08   0.40489111E-39   0.83147281E-40   0.56200721E-39   0.25098223E-49
   0.11745809E+08   0.40988979E-39   0.84173796E-40   0.55598201E-39   0.27227130E-49
   0.11278003E+08   0.41489527E-39   0.85201707E-40   0.54994861E-39   0.29532709E-49
   0.10829547E+08   0.41990623E-39   0.86230744E-40   0.54390862E-39   0.32029278E-49
   0.10399612E+08   0.42492135E-39   0.87260634E-40   0.53786361E-39   0.34732290E-49
   0.99874092E+07   0.42993930E-39   0.88291105E-40   0.53181519E-39   0.37658414E-49
   0.95921811E+07   0.43495874E-39   0.89321884E-40   0.52576497E-39   0.40825638E-49
   0.92132050E+07   0.43997834E-39   0.90352696E-40   0.51971455E-39   0.44253360E-49
   0.88497894E+07   0.44499678E-39   0.91383267E-40   0.51366555E-39   0.47962504E-49
   0.85012730E+07   0.45001271E-39   0.92413325E-40   0.50761955E-39   0.51975634E-49
   0.81670233E+07   0.45502482E-39   0.93442597E-40   0.50157818E-39   0.56317080E-49
   0.78464356E+07   0.46003177E-39   0.94470809E-40   0.49554302E-39   0.61013072E-49
   0.75389311E+07   0.46503224E-39   0.95497692E-40   0.48951566E-39   0.66091889E-49
   0.72439568E+07   0.47002492E-39   0.96522976E-40   0.48349769E-39   0.71584009E-49
   0.69609831E+07   0.47500852E-39   0.97546392E-40   0.47749068E-39   0.77522283E-49
   0.66895040E+07   0.47998172E-39   0.98567675E-40   0.47149620E-39   0.83942111E-49
   0.64290350E+07   0.48494325E-39   0.99586561E-40   0.46551578E-39   0.90881637E-49
   0.61791129E+07   0.48989184E-39   0.10060279E-39   0.45955097E-39   0.98381957E-49
   0.59392946E+07   0.49482622E-39   0.10161610E-39   0.45360327E-39   0.10648734E-48
   0.57091559E+07   0.49974516E-39   0.10262624E-39   0.44767419E-39   0.11524548E-48
   0.54882913E+07   0.50464743E-39   0.10363295E-39   0.44176521E-39   0.12470774E-48
   0.52763127E+07   0.50953181E-39   0.10463600E-39   0.43587779E-39   0.13492943E-48
   0.50728486E+07   0.51439711E-39   0.10563512E-39   0.43001336E-39   0.14597011E-48
   0.48775437E+07   0.51924216E-39   0.10663009E-39   0.42417334E-39   0.15789391E-48
   0.46900580E+07   0.52406582E-39   0.10762066E-39   0.41835912E-39   0.17076989E-48
   0.45100661E+07   0.52886693E-39   0.10860660E-39   0.41257206E-39   0.18467236E-48
   0.43372566E+07   0.53364441E-39   0.10958769E-39   0.40681349E-39   0.19968134E-48
   0.41713315E+07   0.53839716E-39   0.11056370E-39   0.40108474E-39   0.21588293E-48
   0.40120056E+07   0.54312411E-39   0.11153442E-39   0.39538706E-39   0.23336981E-48
   0.38590058E+07   0.54782425E-39   0.11249962E-39   0.38972172E-39   0.25224169E-48
   0.37120708E+07   0.55249655E-39   0.11345911E-39   0.38408993E-39   0.27260588E-48
   0.35709506E+07   0.55714004E-39   0.11441269E-39   0.37849287E-39   0.29457782E-48
   0.34354056E+07   0.56175375E-39   0.11536014E-39   0.37293170E-39   0.31828171E-48
   0.33052067E+07   0.56633675E-39   0.11630130E-39   0.36740754E-39   0.34385115E-48
   0.31801343E+07   0.57088816E-39   0.11723596E-39   0.36192147E-39   0.37142985E-48
   0.30599784E+07   0.57540710E-39   0.11816396E-39   0.35647454E-39   0.40117236E-48
   0.29445377E+07   0.57989272E-39   0.11908511E-39   0.35106776E-39   0.43324492E-48
   0.28336197E+07   0.58434422E-39   0.11999926E-39   0.34570211E-39   0.46782627E-48
   0.27270398E+07   0.58876082E-39   0.12090624E-39   0.34037854E-39   0.50510862E-48
   0.26246213E+07   0.59314176E-39   0.12180590E-39   0.33509794E-39   0.54529863E-48
   0.25261952E+07   0.59748632E-39   0.12269808E-39   0.32986119E-39   0.58861850E-48
   0.24315993E+07   0.60179383E-39   0.12358266E-39   0.32466911E-39   0.63530708E-48
   0.23406784E+07   0.60606361E-39   0.12445949E-39   0.31952249E-39   0.68562115E-48
   0.22532839E+07   0.61029505E-39   0.12532845E-39   0.31442210E-39   0.73983671E-48
   0.21692734E+07   0.61448754E-39   0.12618941E-39   0.30936864E-39   0.79825040E-48
   0.20885103E+07   0.61864054E-39   0.12704225E-39   0.30436280E-39   0.86118105E-48
   0.20108641E+07   0.62275350E-39   0.12788688E-39   0.29940522E-39   0.92897130E-48
   0.19362093E+07   0.62682592E-39   0.12872318E-39   0.29449649E-39   0.10019893E-47
   0.18644262E+07   0.63085734E-39   0.12955106E-39   0.28963719E-39   0.10806308E-47
   0.17953995E+07   0.63484732E-39   0.13037043E-39   0.28482785E-39   0.11653208E-47
   0.17290193E+07   0.63879544E-39   0.13118121E-39   0.28006894E-39   0.12565161E-47
   0.16651798E+07   0.64270134E-39   0.13198331E-39   0.27536094E-39   0.13547073E-47
   0.16037798E+07   0.64656466E-39   0.13277667E-39   0.27070426E-39   0.14604217E-47
   0.15447223E+07   0.65038509E-39   0.13356122E-39   0.26609928E-39   0.15742254E-47
   0.14879143E+07   0.65416234E-39   0.13433691E-39   0.26154634E-39   0.16967267E-47
   0.14332666E+07   0.65789616E-39   0.13510367E-39   0.25704576E-39   0.18285791E-47
   0.13806939E+07   0.66158630E-39   0.13586147E-39   0.25259782E-39   0.19704841E-47
   0.13301140E+07   0.66523258E-39   0.13661026E-39   0.24820275E-39   0.21231954E-47
   0.12814486E+07   0.66883482E-39   0.13735001E-39   0.24386077E-39   0.22875224E-47
   0.12346221E+07   0.67239286E-39   0.13808068E-39   0.23957205E-39   0.24643342E-47
   0.11895624E+07   0.67590660E-39   0.13880225E-39   0.23533674E-39   0.26545642E-47
   0.11462002E+07   0.67937594E-39   0.13951470E-39   0.23115495E-39   0.28592145E-47
   0.11044690E+07   0.68280081E-39   0.14021802E-39   0.22702676E-39   0.30793612E-47
   0.10643051E+07   0.68618116E-39   0.14091220E-39   0.22295222E-39   0.33161596E-47
   0.10256473E+07   0.68951699E-39   0.14159724E-39   0.21893136E-39   0.35708502E-47
   0.98843696E+06   0.69280829E-39   0.14227313E-39   0.21496417E-39   0.38447647E-47
   0.95261779E+06   0.69605510E-39   0.14293989E-39   0.21105061E-39   0.41393327E-47
   0.91813582E+06   0.69925746E-39   0.14359751E-39   0.20719062E-39   0.44560890E-47
   0.88493921E+06   0.70241545E-39   0.14424603E-39   0.20338411E-39   0.47966810E-47
   0.85297827E+06   0.70552916E-39   0.14488545E-39   0.19963097E-39   0.51628770E-47
   0.82220527E+06   0.70859871E-39   0.14551581E-39   0.19593107E-39   0.55565753E-47
   0.79257443E+06   0.71162424E-39   0.14613712E-39   0.19228423E-39   0.59798130E-47
   0.76404179E+06   0.71460589E-39   0.14674942E-39   0.18869027E-39   0.64347769E-47
   0.73656516E+06   0.71754384E-39   0.14735275E-39   0.18514899E-39   0.69238137E-47
   0.71010405E+06   0.72043828E-39   0.14794715E-39   0.18166016E-39   0.74494420E-47
   0.68461957E+06   0.72328942E-39   0.14853265E-39   0.17822352E-39   0.80143647E-47
   0.66007439E+06   0.72609748E-39   0.14910930E-39   0.17483880E-39   0.86214825E-47
   0.63643268E+06   0.72886270E-39   0.14967716E-39   0.17150572E-39   0.92739079E-47
   0.61366001E+06   0.73158534E-39   0.15023628E-39   0.16822396E-39   0.99749810E-47
   0.59172333E+06   0.73426567E-39   0.15078670E-39   0.16499321E-39   0.10728286E-46
   0.57059090E+06   0.73690397E-39   0.15132849E-39   0.16181312E-39   0.11537668E-46
   0.55023223E+06   0.73950053E-39   0.15186172E-39   0.15868334E-39   0.12407254E-46
   0.53061804E+06   0.74205567E-39   0.15238643E-39   0.15560348E-39   0.13341470E-46
   0.51172020E+06   0.74456970E-39   0.15290271E-39   0.15257317E-39   0.14345067E-46
   0.49351168E+06   0.74704296E-39   0.15341061E-39   0.14959201E-39   0.15423141E-46
   0.47596652E+06   0.74947580E-39   0.15391021E-39   0.14665957E-39   0.16581160E-46
   0.45905977E+06   0.75186856E-39   0.15440158E-39   0.14377544E-39   0.17824988E-46
   0.44276746E+06   0.75422160E-39   0.15488479E-39   0.14093918E-39   0.19160918E-46
   0.42706656E+06   0.75653530E-39   0.15535993E-39   0.13815034E-39   0.20595701E-46
   0.41193493E+06   0.75881004E-39   0.15582706E-39   0.13540847E-39   0.22136578E-46
   0.39735129E+06   0.76104620E-39   0.15628627E-39   0.13271309E-39   0.23791316E-46
   0.38329519E+06   0.76324418E-39   0.15673764E-39   0.13006374E-39   0.25568248E-46
   0.36974698E+06   0.76540438E-39   0.15718126E-39   0.12745993E-39   0.27476312E-46
   0.35668776E+06   0.76752720E-39   0.15761719E-39   0.12490117E-39   0.29525095E-46
   0.34409936E+06   0.76961306E-39   0.15804554E-39   0.12238696E-39   0.31724880E-46
   0.33196431E+06   0.77166238E-39   0.15846638E-39   0.11991680E-39   0.34086697E-46
   0.32026583E+06   0.77367557E-39   0.15887980E-39   0.11749018E-39   0.36622375E-46
   0.30898776E+06   0.77565307E-39   0.15928590E-39   0.11510659E-39   0.39344603E-46
   0.29811457E+06   0.77759529E-39   0.15968475E-39   0.11276551E-39   0.42266988E-46
   0.28763133E+06   0.77950269E-39   0.16007644E-39   0.11046642E-39   0.45404127E-46
   0.27752368E+06   0.78137568E-39   0.16046108E-39   0.10820879E-39   0.48771671E-46
   0.26777779E+06   0.78321471E-39   0.16083874E-39   0.10599209E-39   0.52386407E-46
   0.25838038E+06   0.78502022E-39   0.16120951E-39   0.10381580E-39   0.56266338E-46
   0.24931867E+06   0.78679266E-39   0.16157349E-39   0.10167939E-39   0.60430770E-46
   0.24058034E+06   0.78853245E-39   0.16193077E-39   0.99582306E-40   0.64900409E-46
   0.23215358E+06   0.79024005E-39   0.16228144E-39   0.97524029E-40   0.69697457E-46
   0.22402700E+06   0.79191591E-39   0.16262559E-39   0.95504020E-40   0.74845723E-46
   0.21618964E+06   0.79356046E-39   0.16296331E-39   0.93521744E-40   0.80370741E-46
   0.20863095E+06   0.79517415E-39   0.16329469E-39   0.91576664E-40   0.86299889E-46
   0.20134080E+06   0.79675743E-39   0.16361983E-39   0.89668246E-40   0.92662525E-46
   0.19430942E+06   0.79831073E-39   0.16393881E-39   0.87795956E-40   0.99490132E-46
   0.18752741E+06   0.79983450E-39   0.16425173E-39   0.85959260E-40   0.10681647E-45
   0.18098573E+06   0.80132918E-39   0.16455867E-39   0.84157628E-40   0.11467772E-45
   0.17467567E+06   0.80279521E-39   0.16485973E-39   0.82390529E-40   0.12311271E-45
   0.16858884E+06   0.80423303E-39   0.16515500E-39   0.80657436E-40   0.13216305E-45
   0.16271719E+06   0.80564307E-39   0.16544456E-39   0.78957824E-40   0.14187336E-45
   0.15705293E+06   0.80702576E-39   0.16572851E-39   0.77291171E-40   0.15229149E-45
   0.15158860E+06   0.80838155E-39   0.16600692E-39   0.75656957E-40   0.16346871E-45
   0.14631698E+06   0.80971085E-39   0.16627991E-39   0.74054665E-40   0.17546005E-45
   0.14123115E+06   0.81101409E-39   0.16654754E-39   0.72483783E-40   0.18832445E-45
   0.13632443E+06   0.81229169E-39   0.16680990E-39   0.70943801E-40   0.20212515E-45
   0.13159038E+06   0.81354408E-39   0.16706709E-39   0.69434214E-40   0.21692992E-45
   0.12702281E+06   0.81477166E-39   0.16731918E-39   0.67954519E-40   0.23281144E-45
   0.12261575E+06   0.81597486E-39   0.16756627E-39   0.66504218E-40   0.24984762E-45
   0.11836346E+06   0.81715408E-39   0.16780843E-39   0.65082819E-40   0.26812198E-45
   0.11426040E+06   0.81830973E-39   0.16804575E-39   0.63689833E-40   0.28772408E-45
   0.11030125E+06   0.81944220E-39   0.16827831E-39   0.62324774E-40   0.30874992E-45
   0.10648086E+06   0.82055190E-39   0.16850619E-39   0.60987163E-40   0.33130242E-45
   0.10279429E+06   0.82163923E-39   0.16872948E-39   0.59676526E-40   0.35549193E-45
   0.99236765E+05   0.82270456E-39   0.16894826E-39   0.58392391E-40   0.38143674E-45
   0.95803698E+05   0.82374829E-39   0.16916260E-39   0.57134295E-40   0.40926365E-45
   0.92490661E+05   0.82477080E-39   0.16937258E-39   0.55901777E-40   0.43910861E-45
   0.89293389E+05   0.82577247E-39   0.16957827E-39   0.54694383E-40   0.47111735E-45
   0.86207774E+05   0.82675366E-39   0.16977977E-39   0.53511662E-40   0.50544611E-45
   0.83229854E+05   0.82771474E-39   0.16997713E-39   0.52353172E-40   0.54226235E-45
   0.80355813E+05   0.82865609E-39   0.17017045E-39   0.51218473E-40   0.58174562E-45
   0.77581973E+05   0.82957806E-39   0.17035978E-39   0.50107132E-40   0.62408836E-45
   0.74904788E+05   0.83048100E-39   0.17054520E-39   0.49018721E-40   0.66949687E-45
   0.72320843E+05   0.83136526E-39   0.17072679E-39   0.47952819E-40   0.71819232E-45
   0.69826843E+05   0.83223119E-39   0.17090462E-39   0.46909008E-40   0.77041176E-45
   0.67419613E+05   0.83307914E-39   0.17107875E-39   0.45886877E-40   0.82640931E-45
   0.65096094E+05   0.83390943E-39   0.17124926E-39   0.44886022E-40   0.88645737E-45
   0.62853335E+05   0.83472239E-39   0.17141621E-39   0.43906042E-40   0.95084794E-45
   0.60688491E+05   0.83551837E-39   0.17157966E-39   0.42946544E-40   0.10198940E-44
   0.58598822E+05   0.83629766E-39   0.17173970E-39   0.42007138E-40   0.10939310E-44
   0.56581683E+05   0.83706060E-39   0.17189637E-39   0.41087441E-40   0.11733187E-44
   0.54634525E+05   0.83780750E-39   0.17204975E-39   0.40187078E-40   0.12584425E-44
   0.52754892E+05   0.83853866E-39   0.17219990E-39   0.39305676E-40   0.13497155E-44
   0.50940412E+05   0.83925439E-39   0.17234688E-39   0.38442869E-40   0.14475808E-44
   0.49188802E+05   0.83995499E-39   0.17249076E-39   0.37598297E-40   0.15525129E-44
   0.47497857E+05   0.84064074E-39   0.17263158E-39   0.36771605E-40   0.16650209E-44
   0.45865454E+05   0.84131195E-39   0.17276942E-39   0.35962443E-40   0.17856500E-44
   0.44289542E+05   0.84196888E-39   0.17290432E-39   0.35170470E-40   0.19149849E-44
   0.42768145E+05   0.84261184E-39   0.17303636E-39   0.34395345E-40   0.20536522E-44
   0.41299358E+05   0.84324108E-39   0.17316558E-39   0.33636737E-40   0.22023235E-44
   0.39881342E+05   0.84385688E-39   0.17329204E-39   0.32894318E-40   0.23617188E-44
   0.38512325E+05   0.84445950E-39   0.17341579E-39   0.32167767E-40   0.25326096E-44
   0.37190595E+05   0.84504922E-39   0.17353689E-39   0.31456767E-40   0.27158230E-44
   0.35914505E+05   0.84562628E-39   0.17365540E-39   0.30761006E-40   0.29122453E-44
   0.34682462E+05   0.84619094E-39   0.17377135E-39   0.30080180E-40   0.31228267E-44
   0.33492932E+05   0.84674344E-39   0.17388481E-39   0.29413986E-40   0.33485855E-44
   0.32344434E+05   0.84728404E-39   0.17399583E-39   0.28762131E-40   0.35906130E-44
   0.31235541E+05   0.84781297E-39   0.17410445E-39   0.28124323E-40   0.38500792E-44
   0.30164874E+05   0.84833047E-39   0.17421072E-39   0.27500278E-40   0.41282377E-44
   0.29131104E+05   0.84883676E-39   0.17431469E-39   0.26889714E-40   0.44264325E-44
   0.28132948E+05   0.84933208E-39   0.17441641E-39   0.26292357E-40   0.47461037E-44
   0.27169170E+05   0.84981665E-39   0.17451592E-39   0.25707937E-40   0.50887950E-44
   0.26238577E+05   0.85029068E-39   0.17461327E-39   0.25136187E-40   0.54561610E-44
   0.25340015E+05   0.85075440E-39   0.17470849E-39   0.24576847E-40   0.58499747E-44
   0.24472374E+05   0.85120801E-39   0.17480165E-39   0.24029662E-40   0.62721367E-44
   0.23634582E+05   0.85165172E-39   0.17489276E-39   0.23494379E-40   0.67246839E-44
   0.22825604E+05   0.85208574E-39   0.17498189E-39   0.22970753E-40   0.72097992E-44
   0.22044442E+05   0.85251025E-39   0.17506907E-39   0.22458541E-40   0.77298224E-44
   0.21290132E+05   0.85292546E-39   0.17515434E-39   0.21957505E-40   0.82872610E-44
   0.20561745E+05   0.85333156E-39   0.17523773E-39   0.21467413E-40   0.88848024E-44
   0.19858384E+05   0.85372874E-39   0.17531929E-39   0.20988036E-40   0.95253270E-44
   0.19179184E+05   0.85411717E-39   0.17539906E-39   0.20519149E-40   0.10211922E-43
   0.18523308E+05   0.85449704E-39   0.17547707E-39   0.20060532E-40   0.10947895E-43
   0.17889951E+05   0.85486853E-39   0.17555336E-39   0.19611969E-40   0.11736792E-43
   0.17278335E+05   0.85523180E-39   0.17562796E-39   0.19173248E-40   0.12582414E-43
   0.16687708E+05   0.85558703E-39   0.17570091E-39   0.18744162E-40   0.13488832E-43
   0.16117346E+05   0.85593439E-39   0.17577224E-39   0.18324507E-40   0.14460411E-43
   0.15566550E+05   0.85627402E-39   0.17584199E-39   0.17914083E-40   0.15501830E-43
   0.15034644E+05   0.85660610E-39   0.17591018E-39   0.17512695E-40   0.16618101E-43
   0.14520978E+05   0.85693077E-39   0.17597686E-39   0.17120149E-40   0.17814597E-43
   0.14024921E+05   0.85724820E-39   0.17604204E-39   0.16736259E-40   0.19097076E-43
   0.13545867E+05   0.85755852E-39   0.17610577E-39   0.16360838E-40   0.20471709E-43
   0.13083231E+05   0.85786188E-39   0.17616806E-39   0.15993707E-40   0.21945108E-43
   0.12636446E+05   0.85815842E-39   0.17622896E-39   0.15634689E-40   0.23524362E-43
   0.12204966E+05   0.85844828E-39   0.17628849E-39   0.15283608E-40   0.25217066E-43
   0.11788266E+05   0.85873160E-39   0.17634667E-39   0.14940296E-40   0.27031360E-43
   0.11385835E+05   0.85900850E-39   0.17640353E-39   0.14604584E-40   0.28975967E-43
   0.10997184E+05   0.85927912E-39   0.17645910E-39   0.14276310E-40   0.31060237E-43
   0.10621837E+05   0.85954357E-39   0.17651341E-39   0.13955314E-40   0.33294188E-43
   0.10259338E+05   0.85980199E-39   0.17656648E-39   0.13641438E-40   0.35688559E-43
   0.99092453E+04   0.86005448E-39   0.17661833E-39   0.13334528E-40   0.38254855E-43
   0.95711317E+04   0.86030116E-39   0.17666899E-39   0.13034435E-40   0.41005408E-43
   0.92445858E+04   0.86054215E-39   0.17671848E-39   0.12741009E-40   0.43953433E-43
   0.89292102E+04   0.86077755E-39   0.17676682E-39   0.12454107E-40   0.47113093E-43
   0.86246214E+04   0.86100747E-39   0.17681403E-39   0.12173587E-40   0.50499565E-43
   0.83304489E+04   0.86123201E-39   0.17686014E-39   0.11899311E-40   0.54129113E-43
   0.80463351E+04   0.86145126E-39   0.17690517E-39   0.11631142E-40   0.58019167E-43
   0.77719348E+04   0.86166533E-39   0.17694913E-39   0.11368947E-40   0.62188406E-43
   0.75069146E+04   0.86187430E-39   0.17699204E-39   0.11112596E-40   0.66656847E-43
   0.72509528E+04   0.86207826E-39   0.17703393E-39   0.10861962E-40   0.71445940E-43
   0.70037387E+04   0.86227729E-39   0.17707480E-39   0.10616920E-40   0.76578675E-43
   0.67649723E+04   0.86247149E-39   0.17711468E-39   0.10377347E-40   0.82079683E-43
   0.65343639E+04   0.86266091E-39   0.17715358E-39   0.10143123E-40   0.87975365E-43
   0.63116340E+04   0.86284565E-39   0.17719152E-39   0.99141316E-41   0.94294009E-43
   0.60965125E+04   0.86302576E-39   0.17722851E-39   0.96902575E-41   0.10106593E-42
   0.58887387E+04   0.86320132E-39   0.17726456E-39   0.94713883E-41   0.10832361E-42
   0.56880610E+04   0.86337239E-39   0.17729969E-39   0.92574141E-41   0.11610187E-42
   0.54942361E+04   0.86353902E-39   0.17733391E-39   0.90482271E-41   0.12443801E-42
   0.53070296E+04   0.86370127E-39   0.17736723E-39   0.88437219E-41   0.13337201E-42
   0.51262147E+04   0.86385920E-39   0.17739966E-39   0.86437951E-41   0.14294670E-42
   0.49515727E+04   0.86401283E-39   0.17743121E-39   0.84483459E-41   0.15320798E-42
   0.47828923E+04   0.86416223E-39   0.17746189E-39   0.82572753E-41   0.16420505E-42
   0.46199695E+04   0.86430741E-39   0.17749170E-39   0.80704865E-41   0.17599061E-42
   0.44626073E+04   0.86444843E-39   0.17752066E-39   0.78878847E-41   0.18862114E-42
   0.43106154E+04   0.86458529E-39   0.17754877E-39   0.77093773E-41   0.20215717E-42
   0.41638102E+04   0.86471803E-39   0.17757602E-39   0.75348734E-41   0.21666355E-42
   0.40220143E+04   0.86484666E-39   0.17760244E-39   0.73642843E-41   0.23220977E-42
   0.38850565E+04   0.86497119E-39   0.17762801E-39   0.71975231E-41   0.24887029E-42
   0.37527712E+04   0.86509162E-39   0.17765274E-39   0.70345046E-41   0.26672489E-42
   0.36249989E+04   0.86520795E-39   0.17767663E-39   0.68751457E-41   0.28585907E-42
   0.35015852E+04   0.86532018E-39   0.17769968E-39   0.67193649E-41   0.30636442E-42
   0.33823812E+04   0.86542829E-39   0.17772188E-39   0.65670825E-41   0.32833911E-42
   0.32672431E+04   0.86553225E-39   0.17774323E-39   0.64182205E-41   0.35188829E-42
   0.31560320E+04   0.86563204E-39   0.17776372E-39   0.62727025E-41   0.37712464E-42
   0.30486138E+04   0.86572762E-39   0.17778335E-39   0.61304539E-41   0.40416890E-42
   0.29448589E+04   0.86581894E-39   0.17780210E-39   0.59914015E-41   0.43315041E-42
   0.28446423E+04   0.86590594E-39   0.17781997E-39   0.58554740E-41   0.46420776E-42
   0.27478431E+04   0.86598856E-39   0.17783694E-39   0.57226012E-41   0.49748944E-42
   0.26543446E+04   0.86606673E-39   0.17785299E-39   0.55927148E-41   0.53315452E-42
   0.25640343E+04   0.86614036E-39   0.17786811E-39   0.54657477E-41   0.57137343E-42
   0.24768033E+04   0.86620935E-39   0.17788228E-39   0.53416344E-41   0.61232877E-42
   0.23925466E+04   0.86627360E-39   0.17789547E-39   0.52203108E-41   0.65621613E-42
   0.23111626E+04   0.86633297E-39   0.17790766E-39   0.51017141E-41   0.70324508E-42
   0.22325535E+04   0.86638734E-39   0.17791883E-39   0.49857829E-41   0.75364008E-42
   0.21566244E+04   0.86643656E-39   0.17792894E-39   0.48724571E-41   0.80764161E-42
   0.20832841E+04   0.86648046E-39   0.17793795E-39   0.47616779E-41   0.86550727E-42
   0.20124443E+04   0.86651886E-39   0.17794584E-39   0.46533879E-41   0.92751298E-42
   0.19440197E+04   0.86655156E-39   0.17795255E-39   0.45475306E-41   0.99395429E-42
   0.18779279E+04   0.86657834E-39   0.17795805E-39   0.44440511E-41   0.10651478E-41
   0.18140896E+04   0.86659898E-39   0.17796229E-39   0.43428955E-41   0.11414325E-41
   0.17524279E+04   0.86661320E-39   0.17796521E-39   0.42440109E-41   0.12231716E-41
   0.16928686E+04   0.86662073E-39   0.17796676E-39   0.41473459E-41   0.13107540E-41
   0.16353402E+04   0.86662128E-39   0.17796687E-39   0.40528499E-41   0.14045963E-41
   0.15797734E+04   0.86661450E-39   0.17796548E-39   0.39604735E-41   0.15051443E-41
   0.15261014E+04   0.86660004E-39   0.17796251E-39   0.38701684E-41   0.16128758E-41
   0.14742598E+04   0.86657752E-39   0.17795788E-39   0.37818871E-41   0.17283021E-41
   0.14241862E+04   0.86654652E-39   0.17795152E-39   0.36955835E-41   0.18519709E-41
   0.13758205E+04   0.86650659E-39   0.17794332E-39   0.36112121E-41   0.19844684E-41
   0.13291045E+04   0.86645726E-39   0.17793319E-39   0.35287286E-41   0.21264221E-41
   0.12839821E+04   0.86639798E-39   0.17792101E-39   0.34480896E-41   0.22785040E-41
   0.12403991E+04   0.86632822E-39   0.17790669E-39   0.33692525E-41   0.24414333E-41
   0.11983031E+04   0.86624736E-39   0.17789008E-39   0.32921757E-41   0.26159796E-41
   0.11576436E+04   0.86615474E-39   0.17787106E-39   0.32168185E-41   0.28029667E-41
   0.11183718E+04   0.86604969E-39   0.17784949E-39   0.31431411E-41   0.30032763E-41
   0.10804405E+04   0.86593143E-39   0.17782520E-39   0.30711043E-41   0.32178517E-41
   0.10438041E+04   0.86579918E-39   0.17779805E-39   0.30006698E-41   0.34477020E-41
   0.10084187E+04   0.86565205E-39   0.17776783E-39   0.29318004E-41   0.36939069E-41
   0.97424177E+03   0.86548914E-39   0.17773438E-39   0.28644592E-41   0.39576212E-41
   0.94123230E+03   0.86530943E-39   0.17769747E-39   0.27986105E-41   0.42400802E-41
   0.90935067E+03   0.86511187E-39   0.17765690E-39   0.27342189E-41   0.45426046E-41
   0.87855861E+03   0.86489531E-39   0.17761243E-39   0.26712500E-41   0.48666066E-41
   0.84881917E+03   0.86465852E-39   0.17756380E-39   0.26096701E-41   0.52135958E-41
   0.82009667E+03   0.86440020E-39   0.17751076E-39   0.25494461E-41   0.55851857E-41
   0.79235664E+03   0.86411895E-39   0.17745300E-39   0.24905456E-41   0.59831008E-41
   0.76556579E+03   0.86381325E-39   0.17739022E-39   0.24329367E-41   0.64091831E-41
   0.73969199E+03   0.86348151E-39   0.17732210E-39   0.23765885E-41   0.68654007E-41
   0.71470419E+03   0.86312200E-39   0.17724827E-39   0.23214702E-41   0.73538550E-41
   0.69057242E+03   0.86273289E-39   0.17716836E-39   0.22675521E-41   0.78767899E-41
   0.66726773E+03   0.86231222E-39   0.17708197E-39   0.22148048E-41   0.84366003E-41
   0.64476217E+03   0.86185788E-39   0.17698867E-39   0.21631994E-41   0.90358419E-41
   0.62302874E+03   0.86136765E-39   0.17688800E-39   0.21127079E-41   0.96772409E-41
   0.60204139E+03   0.86083912E-39   0.17677946E-39   0.20633024E-41   0.10363705E-40
   0.58177493E+03   0.86026976E-39   0.17666254E-39   0.20149558E-41   0.11098332E-40
   0.56220506E+03   0.85965685E-39   0.17653667E-39   0.19676416E-41   0.11884426E-40
   0.54330832E+03   0.85899749E-39   0.17640127E-39   0.19213335E-41   0.12725505E-40
   0.52506203E+03   0.85828858E-39   0.17625569E-39   0.18760058E-41   0.13625313E-40
   0.50744433E+03   0.85752686E-39   0.17609927E-39   0.18316334E-41   0.14587837E-40
   0.49043408E+03   0.85670881E-39   0.17593127E-39   0.17881916E-41   0.15617318E-40
   0.47401087E+03   0.85583072E-39   0.17575095E-39   0.17456561E-41   0.16718261E-40
   0.45815502E+03   0.85488864E-39   0.17555749E-39   0.17040030E-41   0.17895458E-40
   0.44284751E+03   0.85387837E-39   0.17535002E-39   0.16632089E-41   0.19153992E-40
   0.42806997E+03   0.85279545E-39   0.17512764E-39   0.16232509E-41   0.20499261E-40
   0.41380467E+03   0.85163514E-39   0.17488936E-39   0.15841064E-41   0.21936985E-40
   0.40003452E+03   0.85039245E-39   0.17463416E-39   0.15457532E-41   0.23473226E-40
   0.38674297E+03   0.84906206E-39   0.17436096E-39   0.15081696E-41   0.25114403E-40
   0.37391409E+03   0.84763836E-39   0.17406859E-39   0.14713343E-41   0.26867302E-40
   0.36153247E+03   0.84611543E-39   0.17375585E-39   0.14352262E-41   0.28739095E-40
   0.34958326E+03   0.84448698E-39   0.17342143E-39   0.13998248E-41   0.30737353E-40
   0.33805209E+03   0.84274643E-39   0.17306400E-39   0.13651100E-41   0.32870057E-40
   0.32692513E+03   0.84088681E-39   0.17268211E-39   0.13310619E-41   0.35145612E-40
   0.31618900E+03   0.83890080E-39   0.17227427E-39   0.12976612E-41   0.37572856E-40
   0.30583079E+03   0.83678073E-39   0.17183890E-39   0.12648888E-41   0.40161072E-40
   0.29583805E+03   0.83451853E-39   0.17137434E-39   0.12327263E-41   0.42919993E-40
   0.28619876E+03   0.83210577E-39   0.17087886E-39   0.12011554E-41   0.45859807E-40
   0.27690131E+03   0.82953362E-39   0.17035065E-39   0.11701584E-41   0.48991159E-40
   0.26793449E+03   0.82679290E-39   0.16978783E-39   0.11397179E-41   0.52325150E-40
   0.25928749E+03   0.82387403E-39   0.16918842E-39   0.11098172E-41   0.55873334E-40
   0.25094988E+03   0.82076707E-39   0.16855038E-39   0.10804397E-41   0.59647704E-40
   0.24291158E+03   0.81746174E-39   0.16787161E-39   0.10515697E-41   0.63660680E-40
   0.23516287E+03   0.81394740E-39   0.16714991E-39   0.10231916E-41   0.67925088E-40
   0.22769436E+03   0.81021312E-39   0.16638305E-39   0.99529051E-42   0.72454134E-40
   0.22049699E+03   0.80624766E-39   0.16556872E-39   0.96785222E-42   0.77261368E-40
   0.21356201E+03   0.80203954E-39   0.16470455E-39   0.94086292E-42   0.82360645E-40
   0.20688097E+03   0.79757707E-39   0.16378815E-39   0.91430948E-42   0.87766069E-40
   0.20044571E+03   0.79284839E-39   0.16281708E-39   0.88817942E-42   0.93491939E-40
   0.19424837E+03   0.78784156E-39   0.16178889E-39   0.86246094E-42   0.99552676E-40
   0.18828134E+03   0.78254459E-39   0.16070112E-39   0.83714296E-42   0.10596274E-39
   0.18253726E+03   0.77694553E-39   0.15955131E-39   0.81221517E-42   0.11273653E-39
   0.17700903E+03   0.77103256E-39   0.15833704E-39   0.78766806E-42   0.11988832E-39
   0.17168981E+03   0.76479411E-39   0.15705593E-39   0.76349296E-42   0.12743206E-39
   0.16657294E+03   0.75821890E-39   0.15570567E-39   0.73968209E-42   0.13538134E-39
   0.16165203E+03   0.75129615E-39   0.15428403E-39   0.71622858E-42   0.14374919E-39
   0.15692087E+03   0.74401562E-39   0.15278892E-39   0.69312654E-42   0.15254793E-39
   0.15237346E+03   0.73636780E-39   0.15121839E-39   0.67037106E-42   0.16178903E-39
   0.14800399E+03   0.72834405E-39   0.14957065E-39   0.64795826E-42   0.17148293E-39
   0.14380683E+03   0.71993673E-39   0.14784415E-39   0.62588534E-42   0.18163882E-39
   0.13977655E+03   0.71113939E-39   0.14603755E-39   0.60415054E-42   0.19226450E-39
   0.13590785E+03   0.70194689E-39   0.14414981E-39   0.58275321E-42   0.20336615E-39
   0.13219561E+03   0.69235561E-39   0.14218017E-39   0.56169380E-42   0.21494812E-39
   0.12863487E+03   0.68236360E-39   0.14012824E-39   0.54097383E-42   0.22701279E-39
   0.12522079E+03   0.67197071E-39   0.13799399E-39   0.52059590E-42   0.23956030E-39
   0.12194869E+03   0.66117881E-39   0.13577779E-39   0.50056365E-42   0.25258843E-39
   0.11881400E+03   0.64999185E-39   0.13348047E-39   0.48088174E-42   0.26609240E-39
   0.11581230E+03   0.63841604E-39   0.13110329E-39   0.46155574E-42   0.28006470E-39
   0.11293925E+03   0.62645996E-39   0.12864803E-39   0.44259212E-42   0.29449501E-39
   0.11019065E+03   0.61413463E-39   0.12611693E-39   0.42399812E-42   0.30937003E-39
   0.10756240E+03   0.60145357E-39   0.12351279E-39   0.40578168E-42   0.32467346E-39
   0.10505048E+03   0.58843283E-39   0.12083888E-39   0.38795130E-42   0.34038593E-39
   0.10265100E+03   0.57509100E-39   0.11809904E-39   0.37051593E-42   0.35648504E-39
   0.10036014E+03   0.56144916E-39   0.11529759E-39   0.35348480E-42   0.37294536E-39
   0.98174156E+02   0.54753081E-39   0.11243936E-39   0.33686730E-42   0.38973855E-39
   0.96089405E+02   0.53336177E-39   0.10952965E-39   0.32067283E-42   0.40683350E-39
   0.94102316E+02   0.51896998E-39   0.10657419E-39   0.30491059E-42   0.42419651E-39
   0.92209396E+02   0.50438536E-39   0.10357914E-39   0.28958945E-42   0.44179151E-39
   0.90407226E+02   0.48963957E-39   0.10055098E-39   0.27471778E-42   0.45958032E-39
   0.88692460E+02   0.47476573E-39   0.97496534E-40   0.26030326E-42   0.47752302E-39
   0.87061821E+02   0.45979817E-39   0.94422839E-40   0.24635278E-42   0.49557823E-39
   0.85512104E+02   0.44477209E-39   0.91337125E-40   0.23287225E-42   0.51370351E-39
   0.84040170E+02   0.42972323E-39   0.88246734E-40   0.21986649E-42   0.53185576E-39
   0.82642951E+02   0.41468757E-39   0.85159054E-40   0.20733910E-42   0.54999163E-39
   0.81317445E+02   0.39970094E-39   0.82081442E-40   0.19529241E-42   0.56806792E-39
   0.80060720E+02   0.38479871E-39   0.79021164E-40   0.18372734E-42   0.58604199E-39
   0.78869910E+02   0.37001545E-39   0.75985316E-40   0.17264342E-42   0.60387218E-39
   0.77742222E+02   0.35538462E-39   0.72980771E-40   0.16203872E-42   0.62151816E-39
   0.76674928E+02   0.34093827E-39   0.70014108E-40   0.15190984E-42   0.63894131E-39
   0.75665373E+02   0.32670675E-39   0.67091565E-40   0.14225196E-42   0.65610502E-39
   0.74710973E+02   0.31271855E-39   0.64218988E-40   0.13305885E-42   0.67297499E-39
   0.73809216E+02   0.29900002E-39   0.61401790E-40   0.12432296E-42   0.68951946E-39
   0.72957662E+02   0.28557525E-39   0.58644917E-40   0.11603545E-42   0.70570940E-39
   0.72153944E+02   0.27246592E-39   0.55952824E-40   0.10818631E-42   0.72151866E-39
   0.71395770E+02   0.25969127E-39   0.53329458E-40   0.10076448E-42   0.73692410E-39
   0.70680921E+02   0.24726799E-39   0.50778247E-40   0.93757922E-43   0.75190560E-39
   0.70007254E+02   0.23521021E-39   0.48302097E-40   0.87153784E-43   0.76644613E-39
