   0.20000000E+01   0.90725993E-01
   0.30000000E+01   0.59840876E-01
   0.40000000E+01   0.54153850E-01
   0.50000000E+01   0.53128751E-01
   0.60000000E+01   0.51308456E-01
   0.70000000E+01   0.49957653E-01
   0.80000000E+01   0.48948152E-01
   0.90000000E+01   0.47901473E-01
   0.10000000E+02   0.46830853E-01
   0.11000000E+02   0.45824329E-01
   0.12000000E+02   0.44877419E-01
   0.13000000E+02   0.43966894E-01
   0.14000000E+02   0.43087070E-01
   0.15000000E+02   0.42236646E-01
   0.16000000E+02   0.41414248E-01
   0.17000000E+02   0.40618200E-01
   0.18000000E+02   0.39846754E-01
   0.19000000E+02   0.39098160E-01
   0.20000000E+02   0.38370668E-01
   0.21000000E+02   0.37662745E-01
   0.22000000E+02   0.36973723E-01
   0.23000000E+02   0.36303152E-01
   0.24000000E+02   0.35650581E-01
   0.25000000E+02   0.35015558E-01
   0.26000000E+02   0.34397633E-01
   0.27000000E+02   0.33796354E-01
   0.28000000E+02   0.33211272E-01
   0.29000000E+02   0.32641935E-01
   0.30000000E+02   0.32087891E-01
   0.31000000E+02   0.31548733E-01
   0.32000000E+02   0.31024215E-01
   0.33000000E+02   0.30514136E-01
   0.34000000E+02   0.30018294E-01
   0.35000000E+02   0.29536486E-01
   0.36000000E+02   0.29068511E-01
   0.37000000E+02   0.28614165E-01
   0.38000000E+02   0.28173248E-01
   0.39000000E+02   0.27745557E-01
   0.40000000E+02   0.27330889E-01
   0.41000000E+02   0.26929065E-01
   0.42000000E+02   0.26539990E-01
   0.43000000E+02   0.26163592E-01
   0.44000000E+02   0.25799799E-01
   0.45000000E+02   0.25448538E-01
   0.46000000E+02   0.25109738E-01
   0.47000000E+02   0.24783325E-01
   0.48000000E+02   0.24469229E-01
   0.49000000E+02   0.24167376E-01
   0.50000000E+02   0.23877695E-01
   0.51000000E+02   0.23600119E-01
   0.52000000E+02   0.23334614E-01
   0.53000000E+02   0.23081149E-01
   0.54000000E+02   0.22839696E-01
   0.55000000E+02   0.22610225E-01
   0.56000000E+02   0.22392707E-01
   0.57000000E+02   0.22187113E-01
   0.58000000E+02   0.21993413E-01
   0.59000000E+02   0.21811579E-01
   0.60000000E+02   0.21641582E-01
   0.61000000E+02   0.21483389E-01
   0.62000000E+02   0.21336962E-01
   0.63000000E+02   0.21202258E-01
   0.64000000E+02   0.21079236E-01
   0.65000000E+02   0.20967853E-01
   0.66000000E+02   0.20868067E-01
   0.67000000E+02   0.20779838E-01
   0.68000000E+02   0.20703123E-01
   0.69000000E+02   0.20637880E-01
   0.70000000E+02   0.20584067E-01
   0.71000000E+02   0.20541641E-01
   0.72000000E+02   0.20510556E-01
   0.73000000E+02   0.20490765E-01
   0.74000000E+02   0.20482219E-01
   0.75000000E+02   0.20484871E-01
   0.76000000E+02   0.20498674E-01
   0.77000000E+02   0.20523581E-01
   0.78000000E+02   0.20559542E-01
   0.79000000E+02   0.20606512E-01
   0.80000000E+02   0.20664442E-01
   0.81000000E+02   0.20733278E-01
   0.82000000E+02   0.20812936E-01
   0.83000000E+02   0.20903328E-01
   0.84000000E+02   0.21004362E-01
   0.85000000E+02   0.21115949E-01
   0.86000000E+02   0.21237998E-01
   0.87000000E+02   0.21370420E-01
   0.88000000E+02   0.21513124E-01
   0.89000000E+02   0.21666020E-01
   0.90000000E+02   0.21829019E-01
   0.91000000E+02   0.22002032E-01
   0.92000000E+02   0.22184976E-01
   0.93000000E+02   0.22377772E-01
   0.94000000E+02   0.22580339E-01
   0.95000000E+02   0.22792597E-01
   0.96000000E+02   0.23014465E-01
   0.97000000E+02   0.23245862E-01
   0.98000000E+02   0.23486710E-01
   0.99000000E+02   0.23736926E-01
   0.10000000E+03   0.23996431E-01
   0.10100000E+03   0.24265130E-01
   0.10200000E+03   0.24542864E-01
   0.10300000E+03   0.24829461E-01
   0.10400000E+03   0.25124748E-01
   0.10500000E+03   0.25428554E-01
   0.10600000E+03   0.25740705E-01
   0.10700000E+03   0.26061028E-01
   0.10800000E+03   0.26389351E-01
   0.10900000E+03   0.26725502E-01
   0.11000000E+03   0.27069307E-01
   0.11100000E+03   0.27420595E-01
   0.11200000E+03   0.27779192E-01
   0.11300000E+03   0.28144926E-01
   0.11400000E+03   0.28517624E-01
   0.11500000E+03   0.28897113E-01
   0.11600000E+03   0.29283222E-01
   0.11700000E+03   0.29675777E-01
   0.11800000E+03   0.30074606E-01
   0.11900000E+03   0.30479535E-01
   0.12000000E+03   0.30890394E-01
   0.12100000E+03   0.31307005E-01
   0.12200000E+03   0.31729187E-01
   0.12300000E+03   0.32156753E-01
   0.12400000E+03   0.32589517E-01
   0.12500000E+03   0.33027293E-01
   0.12600000E+03   0.33469896E-01
   0.12700000E+03   0.33917139E-01
   0.12800000E+03   0.34368836E-01
   0.12900000E+03   0.34824802E-01
   0.13000000E+03   0.35284851E-01
   0.13100000E+03   0.35748797E-01
   0.13200000E+03   0.36216453E-01
   0.13300000E+03   0.36687634E-01
   0.13400000E+03   0.37162155E-01
   0.13500000E+03   0.37639829E-01
   0.13600000E+03   0.38120470E-01
   0.13700000E+03   0.38603892E-01
   0.13800000E+03   0.39089910E-01
   0.13900000E+03   0.39578338E-01
   0.14000000E+03   0.40068989E-01
   0.14100000E+03   0.40561672E-01
   0.14200000E+03   0.41056174E-01
   0.14300000E+03   0.41552277E-01
   0.14400000E+03   0.42049760E-01
   0.14500000E+03   0.42548405E-01
   0.14600000E+03   0.43047994E-01
   0.14700000E+03   0.43548306E-01
   0.14800000E+03   0.44049125E-01
   0.14900000E+03   0.44550229E-01
   0.15000000E+03   0.45051401E-01
   0.15100000E+03   0.45552422E-01
   0.15200000E+03   0.46053073E-01
   0.15300000E+03   0.46553134E-01
   0.15400000E+03   0.47052387E-01
   0.15500000E+03   0.47550613E-01
   0.15600000E+03   0.48047593E-01
   0.15700000E+03   0.48543109E-01
   0.15800000E+03   0.49036940E-01
   0.15900000E+03   0.49528869E-01
   0.16000000E+03   0.50018676E-01
   0.16100000E+03   0.50506149E-01
   0.16200000E+03   0.50991102E-01
   0.16300000E+03   0.51473354E-01
   0.16400000E+03   0.51952725E-01
   0.16500000E+03   0.52429036E-01
   0.16600000E+03   0.52902106E-01
   0.16700000E+03   0.53371756E-01
   0.16800000E+03   0.53837804E-01
   0.16900000E+03   0.54300072E-01
   0.17000000E+03   0.54758379E-01
   0.17100000E+03   0.55212545E-01
   0.17200000E+03   0.55662390E-01
   0.17300000E+03   0.56107734E-01
   0.17400000E+03   0.56548397E-01
   0.17500000E+03   0.56984199E-01
   0.17600000E+03   0.57414960E-01
   0.17700000E+03   0.57840500E-01
   0.17800000E+03   0.58260639E-01
   0.17900000E+03   0.58675197E-01
   0.18000000E+03   0.59083994E-01
   0.18100000E+03   0.59486859E-01
   0.18200000E+03   0.59883660E-01
   0.18300000E+03   0.60274275E-01
   0.18400000E+03   0.60658582E-01
   0.18500000E+03   0.61036458E-01
   0.18600000E+03   0.61407780E-01
   0.18700000E+03   0.61772426E-01
   0.18800000E+03   0.62130275E-01
   0.18900000E+03   0.62481203E-01
   0.19000000E+03   0.62825087E-01
   0.19100000E+03   0.63161806E-01
   0.19200000E+03   0.63491237E-01
   0.19300000E+03   0.63813258E-01
   0.19400000E+03   0.64127746E-01
   0.19500000E+03   0.64434579E-01
   0.19600000E+03   0.64733634E-01
   0.19700000E+03   0.65024789E-01
   0.19800000E+03   0.65307921E-01
   0.19900000E+03   0.65582908E-01
   0.20000000E+03   0.65849628E-01
   0.20100000E+03   0.66107970E-01
   0.20200000E+03   0.66357871E-01
   0.20300000E+03   0.66599279E-01
   0.20400000E+03   0.66832143E-01
   0.20500000E+03   0.67056412E-01
   0.20600000E+03   0.67272034E-01
   0.20700000E+03   0.67478957E-01
   0.20800000E+03   0.67677131E-01
   0.20900000E+03   0.67866504E-01
   0.21000000E+03   0.68047024E-01
   0.21100000E+03   0.68218640E-01
   0.21200000E+03   0.68381301E-01
   0.21300000E+03   0.68534955E-01
   0.21400000E+03   0.68679551E-01
   0.21500000E+03   0.68815037E-01
   0.21600000E+03   0.68941363E-01
   0.21700000E+03   0.69058476E-01
   0.21800000E+03   0.69166325E-01
   0.21900000E+03   0.69264859E-01
   0.22000000E+03   0.69354026E-01
   0.22100000E+03   0.69433776E-01
   0.22200000E+03   0.69504056E-01
   0.22300000E+03   0.69564815E-01
   0.22400000E+03   0.69616001E-01
   0.22500000E+03   0.69657564E-01
   0.22600000E+03   0.69689471E-01
   0.22700000E+03   0.69711763E-01
   0.22800000E+03   0.69724502E-01
   0.22900000E+03   0.69727746E-01
   0.23000000E+03   0.69721559E-01
   0.23100000E+03   0.69705999E-01
   0.23200000E+03   0.69681127E-01
   0.23300000E+03   0.69647005E-01
   0.23400000E+03   0.69603693E-01
   0.23500000E+03   0.69551250E-01
   0.23600000E+03   0.69489739E-01
   0.23700000E+03   0.69419219E-01
   0.23800000E+03   0.69339751E-01
   0.23900000E+03   0.69251395E-01
   0.24000000E+03   0.69154213E-01
   0.24100000E+03   0.69048265E-01
   0.24200000E+03   0.68933612E-01
   0.24300000E+03   0.68810313E-01
   0.24400000E+03   0.68678430E-01
   0.24500000E+03   0.68538023E-01
   0.24600000E+03   0.68389153E-01
   0.24700000E+03   0.68231881E-01
   0.24800000E+03   0.68066266E-01
   0.24900000E+03   0.67892370E-01
   0.25000000E+03   0.67710254E-01
   0.25100000E+03   0.67519989E-01
   0.25200000E+03   0.67321696E-01
   0.25300000E+03   0.67115508E-01
   0.25400000E+03   0.66901556E-01
   0.25500000E+03   0.66679973E-01
   0.25600000E+03   0.66450891E-01
   0.25700000E+03   0.66214443E-01
   0.25800000E+03   0.65970760E-01
   0.25900000E+03   0.65719976E-01
   0.26000000E+03   0.65462222E-01
   0.26100000E+03   0.65197630E-01
   0.26200000E+03   0.64926333E-01
   0.26300000E+03   0.64648463E-01
   0.26400000E+03   0.64364153E-01
   0.26500000E+03   0.64073534E-01
   0.26600000E+03   0.63776739E-01
   0.26700000E+03   0.63473900E-01
   0.26800000E+03   0.63165150E-01
   0.26900000E+03   0.62850620E-01
   0.27000000E+03   0.62530443E-01
   0.27100000E+03   0.62204752E-01
   0.27200000E+03   0.61873678E-01
   0.27300000E+03   0.61537354E-01
   0.27400000E+03   0.61195912E-01
   0.27500000E+03   0.60849484E-01
   0.27600000E+03   0.60498209E-01
   0.27700000E+03   0.60142253E-01
   0.27800000E+03   0.59781787E-01
   0.27900000E+03   0.59416983E-01
   0.28000000E+03   0.59048013E-01
   0.28100000E+03   0.58675048E-01
   0.28200000E+03   0.58298260E-01
   0.28300000E+03   0.57917821E-01
   0.28400000E+03   0.57533903E-01
   0.28500000E+03   0.57146677E-01
   0.28600000E+03   0.56756316E-01
   0.28700000E+03   0.56362990E-01
   0.28800000E+03   0.55966873E-01
   0.28900000E+03   0.55568135E-01
   0.29000000E+03   0.55166948E-01
   0.29100000E+03   0.54763484E-01
   0.29200000E+03   0.54357916E-01
   0.29300000E+03   0.53950413E-01
   0.29400000E+03   0.53541150E-01
   0.29500000E+03   0.53130296E-01
   0.29600000E+03   0.52718024E-01
   0.29700000E+03   0.52304506E-01
   0.29800000E+03   0.51889913E-01
   0.29900000E+03   0.51474418E-01
   0.30000000E+03   0.51058191E-01
   0.30100000E+03   0.50641400E-01
   0.30200000E+03   0.50224185E-01
   0.30300000E+03   0.49806683E-01
   0.30400000E+03   0.49389031E-01
   0.30500000E+03   0.48971364E-01
   0.30600000E+03   0.48553818E-01
   0.30700000E+03   0.48136531E-01
   0.30800000E+03   0.47719637E-01
   0.30900000E+03   0.47303274E-01
   0.31000000E+03   0.46887577E-01
   0.31100000E+03   0.46472683E-01
   0.31200000E+03   0.46058727E-01
   0.31300000E+03   0.45645847E-01
   0.31400000E+03   0.45234177E-01
   0.31500000E+03   0.44823855E-01
   0.31600000E+03   0.44415016E-01
   0.31700000E+03   0.44007797E-01
   0.31800000E+03   0.43602333E-01
   0.31900000E+03   0.43198762E-01
   0.32000000E+03   0.42797219E-01
   0.32100000E+03   0.42397840E-01
   0.32200000E+03   0.42000762E-01
   0.32300000E+03   0.41606121E-01
   0.32400000E+03   0.41214052E-01
   0.32500000E+03   0.40824693E-01
   0.32600000E+03   0.40438179E-01
   0.32700000E+03   0.40054647E-01
   0.32800000E+03   0.39674232E-01
   0.32900000E+03   0.39297071E-01
   0.33000000E+03   0.38923300E-01
   0.33100000E+03   0.38553055E-01
   0.33200000E+03   0.38186473E-01
   0.33300000E+03   0.37823689E-01
   0.33400000E+03   0.37464840E-01
   0.33500000E+03   0.37110062E-01
   0.33600000E+03   0.36759491E-01
   0.33700000E+03   0.36413264E-01
   0.33800000E+03   0.36071516E-01
   0.33900000E+03   0.35734384E-01
   0.34000000E+03   0.35402003E-01
   0.34100000E+03   0.35074511E-01
   0.34200000E+03   0.34752043E-01
   0.34300000E+03   0.34434735E-01
   0.34400000E+03   0.34122724E-01
   0.34500000E+03   0.33816145E-01
   0.34600000E+03   0.33515136E-01
   0.34700000E+03   0.33219832E-01
   0.34800000E+03   0.32930369E-01
   0.34900000E+03   0.32646884E-01
   0.35000000E+03   0.32369512E-01
   0.35100000E+03   0.32098367E-01
   0.35200000E+03   0.31833466E-01
   0.35300000E+03   0.31574804E-01
   0.35400000E+03   0.31322377E-01
   0.35500000E+03   0.31076178E-01
   0.35600000E+03   0.30836203E-01
   0.35700000E+03   0.30602445E-01
   0.35800000E+03   0.30374901E-01
   0.35900000E+03   0.30153564E-01
   0.36000000E+03   0.29938429E-01
   0.36100000E+03   0.29729492E-01
   0.36200000E+03   0.29526745E-01
   0.36300000E+03   0.29330185E-01
   0.36400000E+03   0.29139807E-01
   0.36500000E+03   0.28955604E-01
   0.36600000E+03   0.28777571E-01
   0.36700000E+03   0.28605703E-01
   0.36800000E+03   0.28439996E-01
   0.36900000E+03   0.28280442E-01
   0.37000000E+03   0.28127039E-01
   0.37100000E+03   0.27979779E-01
   0.37200000E+03   0.27838657E-01
   0.37300000E+03   0.27703669E-01
   0.37400000E+03   0.27574809E-01
   0.37500000E+03   0.27452072E-01
   0.37600000E+03   0.27335453E-01
   0.37700000E+03   0.27224945E-01
   0.37800000E+03   0.27120544E-01
   0.37900000E+03   0.27022245E-01
   0.38000000E+03   0.26930043E-01
   0.38100000E+03   0.26843931E-01
   0.38200000E+03   0.26763905E-01
   0.38300000E+03   0.26689959E-01
   0.38400000E+03   0.26622088E-01
   0.38500000E+03   0.26560287E-01
   0.38600000E+03   0.26504551E-01
   0.38700000E+03   0.26454874E-01
   0.38800000E+03   0.26411250E-01
   0.38900000E+03   0.26373676E-01
   0.39000000E+03   0.26342144E-01
   0.39100000E+03   0.26316651E-01
   0.39200000E+03   0.26297190E-01
   0.39300000E+03   0.26283757E-01
   0.39400000E+03   0.26276346E-01
   0.39500000E+03   0.26274952E-01
   0.39600000E+03   0.26279569E-01
   0.39700000E+03   0.26290192E-01
   0.39800000E+03   0.26306817E-01
   0.39900000E+03   0.26329437E-01
   0.40000000E+03   0.26358047E-01
   0.40100000E+03   0.26392624E-01
   0.40200000E+03   0.26433072E-01
   0.40300000E+03   0.26479274E-01
   0.40400000E+03   0.26531118E-01
   0.40500000E+03   0.26588487E-01
   0.40600000E+03   0.26651266E-01
   0.40700000E+03   0.26719342E-01
   0.40800000E+03   0.26792599E-01
   0.40900000E+03   0.26870922E-01
   0.41000000E+03   0.26954197E-01
   0.41100000E+03   0.27042309E-01
   0.41200000E+03   0.27135142E-01
   0.41300000E+03   0.27232583E-01
   0.41400000E+03   0.27334515E-01
   0.41500000E+03   0.27440825E-01
   0.41600000E+03   0.27551397E-01
   0.41700000E+03   0.27666117E-01
   0.41800000E+03   0.27784870E-01
   0.41900000E+03   0.27907541E-01
   0.42000000E+03   0.28034015E-01
   0.42100000E+03   0.28164177E-01
   0.42200000E+03   0.28297913E-01
   0.42300000E+03   0.28435107E-01
   0.42400000E+03   0.28575645E-01
   0.42500000E+03   0.28719412E-01
   0.42600000E+03   0.28866294E-01
   0.42700000E+03   0.29016174E-01
   0.42800000E+03   0.29168939E-01
   0.42900000E+03   0.29324474E-01
   0.43000000E+03   0.29482663E-01
   0.43100000E+03   0.29643392E-01
   0.43200000E+03   0.29806547E-01
   0.43300000E+03   0.29972012E-01
   0.43400000E+03   0.30139672E-01
   0.43500000E+03   0.30309412E-01
   0.43600000E+03   0.30481119E-01
   0.43700000E+03   0.30654676E-01
   0.43800000E+03   0.30829970E-01
   0.43900000E+03   0.31006884E-01
   0.44000000E+03   0.31185306E-01
   0.44100000E+03   0.31365118E-01
   0.44200000E+03   0.31546208E-01
   0.44300000E+03   0.31728459E-01
   0.44400000E+03   0.31911758E-01
   0.44500000E+03   0.32095988E-01
   0.44600000E+03   0.32281036E-01
   0.44700000E+03   0.32466787E-01
   0.44800000E+03   0.32653125E-01
   0.44900000E+03   0.32839936E-01
   0.45000000E+03   0.33027106E-01
   0.45100000E+03   0.33214522E-01
   0.45200000E+03   0.33402093E-01
   0.45300000E+03   0.33589728E-01
   0.45400000E+03   0.33777338E-01
   0.45500000E+03   0.33964833E-01
   0.45600000E+03   0.34152125E-01
   0.45700000E+03   0.34339123E-01
   0.45800000E+03   0.34525739E-01
   0.45900000E+03   0.34711883E-01
   0.46000000E+03   0.34897465E-01
   0.46100000E+03   0.35082396E-01
   0.46200000E+03   0.35266587E-01
   0.46300000E+03   0.35449948E-01
   0.46400000E+03   0.35632390E-01
   0.46500000E+03   0.35813824E-01
   0.46600000E+03   0.35994160E-01
   0.46700000E+03   0.36173308E-01
   0.46800000E+03   0.36351179E-01
   0.46900000E+03   0.36527685E-01
   0.47000000E+03   0.36702735E-01
   0.47100000E+03   0.36876239E-01
   0.47200000E+03   0.37048110E-01
   0.47300000E+03   0.37218256E-01
   0.47400000E+03   0.37386590E-01
   0.47500000E+03   0.37553021E-01
   0.47600000E+03   0.37717459E-01
   0.47700000E+03   0.37879817E-01
   0.47800000E+03   0.38040003E-01
   0.47900000E+03   0.38197929E-01
   0.48000000E+03   0.38353506E-01
   0.48100000E+03   0.38506643E-01
   0.48200000E+03   0.38657252E-01
   0.48300000E+03   0.38805243E-01
   0.48400000E+03   0.38950526E-01
   0.48500000E+03   0.39093013E-01
   0.48600000E+03   0.39232614E-01
   0.48700000E+03   0.39369239E-01
   0.48800000E+03   0.39502799E-01
   0.48900000E+03   0.39633205E-01
   0.49000000E+03   0.39760367E-01
   0.49100000E+03   0.39884196E-01
   0.49200000E+03   0.40004603E-01
   0.49300000E+03   0.40121497E-01
   0.49400000E+03   0.40234790E-01
   0.49500000E+03   0.40344392E-01
   0.49600000E+03   0.40450214E-01
   0.49700000E+03   0.40552166E-01
   0.49800000E+03   0.40650159E-01
   0.49900000E+03   0.40744103E-01
   0.50000000E+03   0.40833910E-01
   0.50100000E+03   0.40919507E-01
   0.50200000E+03   0.41000894E-01
   0.50300000E+03   0.41078087E-01
   0.50400000E+03   0.41151104E-01
   0.50500000E+03   0.41219960E-01
   0.50600000E+03   0.41284673E-01
   0.50700000E+03   0.41345261E-01
   0.50800000E+03   0.41401738E-01
   0.50900000E+03   0.41454124E-01
   0.51000000E+03   0.41502433E-01
   0.51100000E+03   0.41546684E-01
   0.51200000E+03   0.41586893E-01
   0.51300000E+03   0.41623077E-01
   0.51400000E+03   0.41655252E-01
   0.51500000E+03   0.41683436E-01
   0.51600000E+03   0.41707646E-01
   0.51700000E+03   0.41727898E-01
   0.51800000E+03   0.41744208E-01
   0.51900000E+03   0.41756595E-01
   0.52000000E+03   0.41765075E-01
   0.52100000E+03   0.41769664E-01
   0.52200000E+03   0.41770380E-01
   0.52300000E+03   0.41767239E-01
   0.52400000E+03   0.41760258E-01
   0.52500000E+03   0.41749455E-01
   0.52600000E+03   0.41734845E-01
   0.52700000E+03   0.41716446E-01
   0.52800000E+03   0.41694274E-01
   0.52900000E+03   0.41668347E-01
   0.53000000E+03   0.41638681E-01
   0.53100000E+03   0.41605294E-01
   0.53200000E+03   0.41568201E-01
   0.53300000E+03   0.41527420E-01
   0.53400000E+03   0.41482968E-01
   0.53500000E+03   0.41434861E-01
   0.53600000E+03   0.41383117E-01
   0.53700000E+03   0.41327752E-01
   0.53800000E+03   0.41268783E-01
   0.53900000E+03   0.41206227E-01
   0.54000000E+03   0.41140101E-01
   0.54100000E+03   0.41070421E-01
   0.54200000E+03   0.40997204E-01
   0.54300000E+03   0.40920468E-01
   0.54400000E+03   0.40840229E-01
   0.54500000E+03   0.40756505E-01
   0.54600000E+03   0.40669310E-01
   0.54700000E+03   0.40578664E-01
   0.54800000E+03   0.40484582E-01
   0.54900000E+03   0.40387082E-01
   0.55000000E+03   0.40286179E-01
   0.55100000E+03   0.40181904E-01
   0.55200000E+03   0.40074332E-01
   0.55300000E+03   0.39963551E-01
   0.55400000E+03   0.39849650E-01
   0.55500000E+03   0.39732717E-01
   0.55600000E+03   0.39612840E-01
   0.55700000E+03   0.39490107E-01
   0.55800000E+03   0.39364606E-01
   0.55900000E+03   0.39236426E-01
   0.56000000E+03   0.39105654E-01
   0.56100000E+03   0.38972380E-01
   0.56200000E+03   0.38836690E-01
   0.56300000E+03   0.38698674E-01
   0.56400000E+03   0.38558419E-01
   0.56500000E+03   0.38416014E-01
   0.56600000E+03   0.38271546E-01
   0.56700000E+03   0.38125105E-01
   0.56800000E+03   0.37976778E-01
   0.56900000E+03   0.37826653E-01
   0.57000000E+03   0.37674818E-01
   0.57100000E+03   0.37521363E-01
   0.57200000E+03   0.37366374E-01
   0.57300000E+03   0.37209940E-01
   0.57400000E+03   0.37052150E-01
   0.57500000E+03   0.36893091E-01
   0.57600000E+03   0.36732852E-01
   0.57700000E+03   0.36571520E-01
   0.57800000E+03   0.36409185E-01
   0.57900000E+03   0.36245933E-01
   0.58000000E+03   0.36081854E-01
   0.58100000E+03   0.35917036E-01
   0.58200000E+03   0.35751566E-01
   0.58300000E+03   0.35585533E-01
   0.58400000E+03   0.35419025E-01
   0.58500000E+03   0.35252131E-01
   0.58600000E+03   0.35084938E-01
   0.58700000E+03   0.34917535E-01
   0.58800000E+03   0.34750009E-01
   0.58900000E+03   0.34582449E-01
   0.59000000E+03   0.34414944E-01
   0.59100000E+03   0.34247581E-01
   0.59200000E+03   0.34080449E-01
   0.59300000E+03   0.33913635E-01
   0.59400000E+03   0.33747228E-01
   0.59500000E+03   0.33581316E-01
   0.59600000E+03   0.33415988E-01
   0.59700000E+03   0.33251331E-01
   0.59800000E+03   0.33087434E-01
   0.59900000E+03   0.32924384E-01
   0.60000000E+03   0.32762271E-01
   0.60100000E+03   0.32601176E-01
   0.60200000E+03   0.32441159E-01
   0.60300000E+03   0.32282276E-01
   0.60400000E+03   0.32124580E-01
   0.60500000E+03   0.31968125E-01
   0.60600000E+03   0.31812967E-01
   0.60700000E+03   0.31659160E-01
   0.60800000E+03   0.31506757E-01
   0.60900000E+03   0.31355814E-01
   0.61000000E+03   0.31206384E-01
   0.61100000E+03   0.31058522E-01
   0.61200000E+03   0.30912283E-01
   0.61300000E+03   0.30767721E-01
   0.61400000E+03   0.30624890E-01
   0.61500000E+03   0.30483845E-01
   0.61600000E+03   0.30344639E-01
   0.61700000E+03   0.30207328E-01
   0.61800000E+03   0.30071966E-01
   0.61900000E+03   0.29938607E-01
   0.62000000E+03   0.29807306E-01
   0.62100000E+03   0.29678117E-01
   0.62200000E+03   0.29551094E-01
   0.62300000E+03   0.29426292E-01
   0.62400000E+03   0.29303765E-01
   0.62500000E+03   0.29183568E-01
   0.62600000E+03   0.29065754E-01
   0.62700000E+03   0.28950379E-01
   0.62800000E+03   0.28837497E-01
   0.62900000E+03   0.28727161E-01
   0.63000000E+03   0.28619428E-01
   0.63100000E+03   0.28514350E-01
   0.63200000E+03   0.28411982E-01
   0.63300000E+03   0.28312379E-01
   0.63400000E+03   0.28215595E-01
   0.63500000E+03   0.28121685E-01
   0.63600000E+03   0.28030702E-01
   0.63700000E+03   0.27942702E-01
   0.63800000E+03   0.27857738E-01
   0.63900000E+03   0.27775866E-01
   0.64000000E+03   0.27697138E-01
   0.64100000E+03   0.27621611E-01
   0.64200000E+03   0.27549338E-01
   0.64300000E+03   0.27480373E-01
   0.64400000E+03   0.27414771E-01
   0.64500000E+03   0.27352587E-01
   0.64600000E+03   0.27293874E-01
   0.64700000E+03   0.27238687E-01
   0.64800000E+03   0.27187081E-01
   0.64900000E+03   0.27139110E-01
   0.65000000E+03   0.27094829E-01
   0.65100000E+03   0.27054276E-01
   0.65200000E+03   0.27017437E-01
   0.65300000E+03   0.26984282E-01
   0.65400000E+03   0.26954778E-01
   0.65500000E+03   0.26928897E-01
   0.65600000E+03   0.26906608E-01
   0.65700000E+03   0.26887881E-01
   0.65800000E+03   0.26872684E-01
   0.65900000E+03   0.26860989E-01
   0.66000000E+03   0.26852764E-01
   0.66100000E+03   0.26847979E-01
   0.66200000E+03   0.26846604E-01
   0.66300000E+03   0.26848608E-01
   0.66400000E+03   0.26853962E-01
   0.66500000E+03   0.26862634E-01
   0.66600000E+03   0.26874594E-01
   0.66700000E+03   0.26889813E-01
   0.66800000E+03   0.26908259E-01
   0.66900000E+03   0.26929903E-01
   0.67000000E+03   0.26954713E-01
   0.67100000E+03   0.26982660E-01
   0.67200000E+03   0.27013713E-01
   0.67300000E+03   0.27047842E-01
   0.67400000E+03   0.27085017E-01
   0.67500000E+03   0.27125207E-01
   0.67600000E+03   0.27168381E-01
   0.67700000E+03   0.27214510E-01
   0.67800000E+03   0.27263563E-01
   0.67900000E+03   0.27315510E-01
   0.68000000E+03   0.27370320E-01
   0.68100000E+03   0.27427964E-01
   0.68200000E+03   0.27488410E-01
   0.68300000E+03   0.27551628E-01
   0.68400000E+03   0.27617588E-01
   0.68500000E+03   0.27686260E-01
   0.68600000E+03   0.27757613E-01
   0.68700000E+03   0.27831617E-01
   0.68800000E+03   0.27908241E-01
   0.68900000E+03   0.27987456E-01
   0.69000000E+03   0.28069231E-01
   0.69100000E+03   0.28153535E-01
   0.69200000E+03   0.28240338E-01
   0.69300000E+03   0.28329609E-01
   0.69400000E+03   0.28421320E-01
   0.69500000E+03   0.28515438E-01
   0.69600000E+03   0.28611934E-01
   0.69700000E+03   0.28710777E-01
   0.69800000E+03   0.28811938E-01
   0.69900000E+03   0.28915384E-01
   0.70000000E+03   0.29021088E-01
   0.70100000E+03   0.29129009E-01
   0.70200000E+03   0.29239079E-01
   0.70300000E+03   0.29351221E-01
   0.70400000E+03   0.29465357E-01
   0.70500000E+03   0.29581411E-01
   0.70600000E+03   0.29699306E-01
   0.70700000E+03   0.29818963E-01
   0.70800000E+03   0.29940307E-01
   0.70900000E+03   0.30063260E-01
   0.71000000E+03   0.30187745E-01
   0.71100000E+03   0.30313685E-01
   0.71200000E+03   0.30441002E-01
   0.71300000E+03   0.30569621E-01
   0.71400000E+03   0.30699463E-01
   0.71500000E+03   0.30830451E-01
   0.71600000E+03   0.30962509E-01
   0.71700000E+03   0.31095559E-01
   0.71800000E+03   0.31229524E-01
   0.71900000E+03   0.31364327E-01
   0.72000000E+03   0.31499891E-01
   0.72100000E+03   0.31636139E-01
   0.72200000E+03   0.31772994E-01
   0.72300000E+03   0.31910378E-01
   0.72400000E+03   0.32048215E-01
   0.72500000E+03   0.32186428E-01
   0.72600000E+03   0.32324939E-01
   0.72700000E+03   0.32463671E-01
   0.72800000E+03   0.32602547E-01
   0.72900000E+03   0.32741490E-01
   0.73000000E+03   0.32880423E-01
   0.73100000E+03   0.33019269E-01
   0.73200000E+03   0.33157951E-01
   0.73300000E+03   0.33296391E-01
   0.73400000E+03   0.33434513E-01
   0.73500000E+03   0.33572240E-01
   0.73600000E+03   0.33709493E-01
   0.73700000E+03   0.33846197E-01
   0.73800000E+03   0.33982274E-01
   0.73900000E+03   0.34117647E-01
   0.74000000E+03   0.34252239E-01
   0.74100000E+03   0.34385973E-01
   0.74200000E+03   0.34518771E-01
   0.74300000E+03   0.34650557E-01
   0.74400000E+03   0.34781253E-01
   0.74500000E+03   0.34910783E-01
   0.74600000E+03   0.35039070E-01
   0.74700000E+03   0.35166035E-01
   0.74800000E+03   0.35291602E-01
   0.74900000E+03   0.35415695E-01
   0.75000000E+03   0.35538235E-01
   0.75100000E+03   0.35659153E-01
   0.75200000E+03   0.35778402E-01
   0.75300000E+03   0.35895945E-01
   0.75400000E+03   0.36011743E-01
   0.75500000E+03   0.36125757E-01
   0.75600000E+03   0.36237948E-01
   0.75700000E+03   0.36348278E-01
   0.75800000E+03   0.36456708E-01
   0.75900000E+03   0.36563200E-01
   0.76000000E+03   0.36667713E-01
   0.76100000E+03   0.36770211E-01
   0.76200000E+03   0.36870655E-01
   0.76300000E+03   0.36969004E-01
   0.76400000E+03   0.37065222E-01
   0.76500000E+03   0.37159269E-01
   0.76600000E+03   0.37251107E-01
   0.76700000E+03   0.37340696E-01
   0.76800000E+03   0.37427999E-01
   0.76900000E+03   0.37512976E-01
   0.77000000E+03   0.37595590E-01
   0.77100000E+03   0.37675800E-01
   0.77200000E+03   0.37753569E-01
   0.77300000E+03   0.37828857E-01
   0.77400000E+03   0.37901627E-01
   0.77500000E+03   0.37971839E-01
   0.77600000E+03   0.38039455E-01
   0.77700000E+03   0.38104436E-01
   0.77800000E+03   0.38166744E-01
   0.77900000E+03   0.38226339E-01
   0.78000000E+03   0.38283183E-01
   0.78100000E+03   0.38337238E-01
   0.78200000E+03   0.38388464E-01
   0.78300000E+03   0.38436824E-01
   0.78400000E+03   0.38482278E-01
   0.78500000E+03   0.38524787E-01
   0.78600000E+03   0.38564313E-01
   0.78700000E+03   0.38600818E-01
   0.78800000E+03   0.38634262E-01
   0.78900000E+03   0.38664607E-01
   0.79000000E+03   0.38691815E-01
   0.79100000E+03   0.38715846E-01
   0.79200000E+03   0.38736662E-01
   0.79300000E+03   0.38754224E-01
   0.79400000E+03   0.38768493E-01
   0.79500000E+03   0.38779432E-01
   0.79600000E+03   0.38787001E-01
   0.79700000E+03   0.38791161E-01
   0.79800000E+03   0.38791874E-01
   0.79900000E+03   0.38789101E-01
   0.80000000E+03   0.38782803E-01
   0.80100000E+03   0.38772954E-01
   0.80200000E+03   0.38759572E-01
   0.80300000E+03   0.38742687E-01
   0.80400000E+03   0.38722329E-01
   0.80500000E+03   0.38698529E-01
   0.80600000E+03   0.38671316E-01
   0.80700000E+03   0.38640722E-01
   0.80800000E+03   0.38606775E-01
   0.80900000E+03   0.38569506E-01
   0.81000000E+03   0.38528946E-01
   0.81100000E+03   0.38485125E-01
   0.81200000E+03   0.38438072E-01
   0.81300000E+03   0.38387819E-01
   0.81400000E+03   0.38334394E-01
   0.81500000E+03   0.38277829E-01
   0.81600000E+03   0.38218153E-01
   0.81700000E+03   0.38155397E-01
   0.81800000E+03   0.38089591E-01
   0.81900000E+03   0.38020765E-01
   0.82000000E+03   0.37948950E-01
   0.82100000E+03   0.37874174E-01
   0.82200000E+03   0.37796470E-01
   0.82300000E+03   0.37715866E-01
   0.82400000E+03   0.37632393E-01
   0.82500000E+03   0.37546081E-01
   0.82600000E+03   0.37456961E-01
   0.82700000E+03   0.37365062E-01
   0.82800000E+03   0.37270415E-01
   0.82900000E+03   0.37173049E-01
   0.83000000E+03   0.37072996E-01
   0.83100000E+03   0.36970285E-01
   0.83200000E+03   0.36864947E-01
   0.83300000E+03   0.36757011E-01
   0.83400000E+03   0.36646508E-01
   0.83500000E+03   0.36533468E-01
   0.83600000E+03   0.36417921E-01
   0.83700000E+03   0.36299898E-01
   0.83800000E+03   0.36179428E-01
   0.83900000E+03   0.36056541E-01
   0.84000000E+03   0.35931269E-01
   0.84100000E+03   0.35803641E-01
   0.84200000E+03   0.35673687E-01
   0.84300000E+03   0.35541438E-01
   0.84400000E+03   0.35406923E-01
   0.84500000E+03   0.35270173E-01
   0.84600000E+03   0.35131218E-01
   0.84700000E+03   0.34990088E-01
   0.84800000E+03   0.34846814E-01
   0.84900000E+03   0.34701425E-01
   0.85000000E+03   0.34553952E-01
   0.85100000E+03   0.34404430E-01
   0.85200000E+03   0.34252918E-01
   0.85300000E+03   0.34099479E-01
   0.85400000E+03   0.33944176E-01
   0.85500000E+03   0.33787074E-01
   0.85600000E+03   0.33628235E-01
   0.85700000E+03   0.33467724E-01
   0.85800000E+03   0.33305604E-01
   0.85900000E+03   0.33141938E-01
   0.86000000E+03   0.32976790E-01
   0.86100000E+03   0.32810223E-01
   0.86200000E+03   0.32642301E-01
   0.86300000E+03   0.32473089E-01
   0.86400000E+03   0.32302648E-01
   0.86500000E+03   0.32131043E-01
   0.86600000E+03   0.31958337E-01
   0.86700000E+03   0.31784594E-01
   0.86800000E+03   0.31609878E-01
   0.86900000E+03   0.31434252E-01
   0.87000000E+03   0.31257779E-01
   0.87100000E+03   0.31080523E-01
   0.87200000E+03   0.30902548E-01
   0.87300000E+03   0.30723917E-01
   0.87400000E+03   0.30544694E-01
   0.87500000E+03   0.30364943E-01
   0.87600000E+03   0.30184726E-01
   0.87700000E+03   0.30004107E-01
   0.87800000E+03   0.29823151E-01
   0.87900000E+03   0.29641920E-01
   0.88000000E+03   0.29460479E-01
   0.88100000E+03   0.29278890E-01
   0.88200000E+03   0.29097217E-01
   0.88300000E+03   0.28915524E-01
   0.88400000E+03   0.28733875E-01
   0.88500000E+03   0.28552332E-01
   0.88600000E+03   0.28370960E-01
   0.88700000E+03   0.28189822E-01
   0.88800000E+03   0.28008982E-01
   0.88900000E+03   0.27828502E-01
   0.89000000E+03   0.27648448E-01
   0.89100000E+03   0.27468882E-01
   0.89200000E+03   0.27289867E-01
   0.89300000E+03   0.27111468E-01
   0.89400000E+03   0.26933748E-01
   0.89500000E+03   0.26756770E-01
   0.89600000E+03   0.26580599E-01
   0.89700000E+03   0.26405297E-01
   0.89800000E+03   0.26230928E-01
   0.89900000E+03   0.26057556E-01
   0.90000000E+03   0.25885245E-01
   0.90100000E+03   0.25714052E-01
   0.90200000E+03   0.25544016E-01
   0.90300000E+03   0.25375171E-01
   0.90400000E+03   0.25207550E-01
   0.90500000E+03   0.25041185E-01
   0.90600000E+03   0.24876110E-01
   0.90700000E+03   0.24712359E-01
   0.90800000E+03   0.24549965E-01
   0.90900000E+03   0.24388961E-01
   0.91000000E+03   0.24229380E-01
   0.91100000E+03   0.24071255E-01
   0.91200000E+03   0.23914620E-01
   0.91300000E+03   0.23759508E-01
   0.91400000E+03   0.23605953E-01
   0.91500000E+03   0.23453987E-01
   0.91600000E+03   0.23303643E-01
   0.91700000E+03   0.23154956E-01
   0.91800000E+03   0.23007959E-01
   0.91900000E+03   0.22862683E-01
   0.92000000E+03   0.22719164E-01
   0.92100000E+03   0.22577434E-01
   0.92200000E+03   0.22437526E-01
   0.92300000E+03   0.22299474E-01
   0.92400000E+03   0.22163311E-01
   0.92500000E+03   0.22029070E-01
   0.92600000E+03   0.21896784E-01
   0.92700000E+03   0.21766487E-01
   0.92800000E+03   0.21638212E-01
   0.92900000E+03   0.21511992E-01
   0.93000000E+03   0.21387861E-01
   0.93100000E+03   0.21265852E-01
   0.93200000E+03   0.21145997E-01
   0.93300000E+03   0.21028331E-01
   0.93400000E+03   0.20912886E-01
   0.93500000E+03   0.20799697E-01
   0.93600000E+03   0.20688795E-01
   0.93700000E+03   0.20580214E-01
   0.93800000E+03   0.20473989E-01
   0.93900000E+03   0.20370151E-01
   0.94000000E+03   0.20268734E-01
   0.94100000E+03   0.20169771E-01
   0.94200000E+03   0.20073297E-01
   0.94300000E+03   0.19979343E-01
   0.94400000E+03   0.19887943E-01
   0.94500000E+03   0.19799131E-01
   0.94600000E+03   0.19712939E-01
   0.94700000E+03   0.19629401E-01
   0.94800000E+03   0.19548551E-01
   0.94900000E+03   0.19470421E-01
   0.95000000E+03   0.19395045E-01
   0.95100000E+03   0.19322446E-01
   0.95200000E+03   0.19252611E-01
   0.95300000E+03   0.19185517E-01
   0.95400000E+03   0.19121139E-01
   0.95500000E+03   0.19059455E-01
   0.95600000E+03   0.19000441E-01
   0.95700000E+03   0.18944074E-01
   0.95800000E+03   0.18890331E-01
   0.95900000E+03   0.18839188E-01
   0.96000000E+03   0.18790621E-01
   0.96100000E+03   0.18744608E-01
   0.96200000E+03   0.18701126E-01
   0.96300000E+03   0.18660150E-01
   0.96400000E+03   0.18621657E-01
   0.96500000E+03   0.18585624E-01
   0.96600000E+03   0.18552029E-01
   0.96700000E+03   0.18520846E-01
   0.96800000E+03   0.18492054E-01
   0.96900000E+03   0.18465628E-01
   0.97000000E+03   0.18441545E-01
   0.97100000E+03   0.18419783E-01
   0.97200000E+03   0.18400316E-01
   0.97300000E+03   0.18383124E-01
   0.97400000E+03   0.18368181E-01
   0.97500000E+03   0.18355464E-01
   0.97600000E+03   0.18344951E-01
   0.97700000E+03   0.18336618E-01
   0.97800000E+03   0.18330441E-01
   0.97900000E+03   0.18326397E-01
   0.98000000E+03   0.18324463E-01
   0.98100000E+03   0.18324615E-01
   0.98200000E+03   0.18326830E-01
   0.98300000E+03   0.18331085E-01
   0.98400000E+03   0.18337357E-01
   0.98500000E+03   0.18345621E-01
   0.98600000E+03   0.18355855E-01
   0.98700000E+03   0.18368035E-01
   0.98800000E+03   0.18382139E-01
   0.98900000E+03   0.18398141E-01
   0.99000000E+03   0.18416020E-01
   0.99100000E+03   0.18435752E-01
   0.99200000E+03   0.18457314E-01
   0.99300000E+03   0.18480681E-01
   0.99400000E+03   0.18505831E-01
   0.99500000E+03   0.18532741E-01
   0.99600000E+03   0.18561387E-01
   0.99700000E+03   0.18591746E-01
   0.99800000E+03   0.18623794E-01
   0.99900000E+03   0.18657508E-01
   0.10000000E+04   0.18692864E-01
   0.10010000E+04   0.18729836E-01
   0.10020000E+04   0.18768381E-01
   0.10030000E+04   0.18808453E-01
   0.10040000E+04   0.18850004E-01
   0.10050000E+04   0.18892989E-01
   0.10060000E+04   0.18937361E-01
   0.10070000E+04   0.18983073E-01
   0.10080000E+04   0.19030080E-01
   0.10090000E+04   0.19078334E-01
   0.10100000E+04   0.19127789E-01
   0.10110000E+04   0.19178399E-01
   0.10120000E+04   0.19230117E-01
   0.10130000E+04   0.19282897E-01
   0.10140000E+04   0.19336692E-01
   0.10150000E+04   0.19391456E-01
   0.10160000E+04   0.19447143E-01
   0.10170000E+04   0.19503705E-01
   0.10180000E+04   0.19561097E-01
   0.10190000E+04   0.19619272E-01
   0.10200000E+04   0.19678183E-01
   0.10210000E+04   0.19737784E-01
   0.10220000E+04   0.19798029E-01
   0.10230000E+04   0.19858871E-01
   0.10240000E+04   0.19920264E-01
   0.10250000E+04   0.19982161E-01
   0.10260000E+04   0.20044516E-01
   0.10270000E+04   0.20107282E-01
   0.10280000E+04   0.20170413E-01
   0.10290000E+04   0.20233862E-01
   0.10300000E+04   0.20297583E-01
   0.10310000E+04   0.20361530E-01
   0.10320000E+04   0.20425655E-01
   0.10330000E+04   0.20489913E-01
   0.10340000E+04   0.20554257E-01
   0.10350000E+04   0.20618641E-01
   0.10360000E+04   0.20683017E-01
   0.10370000E+04   0.20747341E-01
   0.10380000E+04   0.20811564E-01
   0.10390000E+04   0.20875641E-01
   0.10400000E+04   0.20939526E-01
   0.10410000E+04   0.21003171E-01
   0.10420000E+04   0.21066531E-01
   0.10430000E+04   0.21129558E-01
   0.10440000E+04   0.21192207E-01
   0.10450000E+04   0.21254431E-01
   0.10460000E+04   0.21316184E-01
   0.10470000E+04   0.21377418E-01
   0.10480000E+04   0.21438088E-01
   0.10490000E+04   0.21498147E-01
   0.10500000E+04   0.21557549E-01
   0.10510000E+04   0.21616250E-01
   0.10520000E+04   0.21674224E-01
   0.10530000E+04   0.21731445E-01
   0.10540000E+04   0.21787891E-01
   0.10550000E+04   0.21843536E-01
   0.10560000E+04   0.21898358E-01
   0.10570000E+04   0.21952331E-01
   0.10580000E+04   0.22005431E-01
   0.10590000E+04   0.22057636E-01
   0.10600000E+04   0.22108920E-01
   0.10610000E+04   0.22159259E-01
   0.10620000E+04   0.22208629E-01
   0.10630000E+04   0.22257007E-01
   0.10640000E+04   0.22304368E-01
   0.10650000E+04   0.22350689E-01
   0.10660000E+04   0.22395944E-01
   0.10670000E+04   0.22440111E-01
   0.10680000E+04   0.22483164E-01
   0.10690000E+04   0.22525080E-01
   0.10700000E+04   0.22565835E-01
   0.10710000E+04   0.22605405E-01
   0.10720000E+04   0.22643765E-01
   0.10730000E+04   0.22680892E-01
   0.10740000E+04   0.22716762E-01
   0.10750000E+04   0.22751350E-01
   0.10760000E+04   0.22784632E-01
   0.10770000E+04   0.22816584E-01
   0.10780000E+04   0.22847183E-01
   0.10790000E+04   0.22876404E-01
   0.10800000E+04   0.22904223E-01
   0.10810000E+04   0.22930616E-01
   0.10820000E+04   0.22955559E-01
   0.10830000E+04   0.22979028E-01
   0.10840000E+04   0.23000998E-01
   0.10850000E+04   0.23021447E-01
   0.10860000E+04   0.23040349E-01
   0.10870000E+04   0.23057680E-01
   0.10880000E+04   0.23073417E-01
   0.10890000E+04   0.23087536E-01
   0.10900000E+04   0.23100012E-01
   0.10910000E+04   0.23110821E-01
   0.10920000E+04   0.23119939E-01
   0.10930000E+04   0.23127343E-01
   0.10940000E+04   0.23133007E-01
   0.10950000E+04   0.23136909E-01
   0.10960000E+04   0.23139023E-01
   0.10970000E+04   0.23139326E-01
   0.10980000E+04   0.23137795E-01
   0.10990000E+04   0.23134403E-01
   0.11000000E+04   0.23129129E-01
   0.11010000E+04   0.23121954E-01
   0.11020000E+04   0.23112895E-01
   0.11030000E+04   0.23101972E-01
   0.11040000E+04   0.23089208E-01
   0.11050000E+04   0.23074625E-01
   0.11060000E+04   0.23058245E-01
   0.11070000E+04   0.23040090E-01
   0.11080000E+04   0.23020182E-01
   0.11090000E+04   0.22998544E-01
   0.11100000E+04   0.22975197E-01
   0.11110000E+04   0.22950164E-01
   0.11120000E+04   0.22923466E-01
   0.11130000E+04   0.22895126E-01
   0.11140000E+04   0.22865166E-01
   0.11150000E+04   0.22833607E-01
   0.11160000E+04   0.22800473E-01
   0.11170000E+04   0.22765785E-01
   0.11180000E+04   0.22729565E-01
   0.11190000E+04   0.22691835E-01
   0.11200000E+04   0.22652617E-01
   0.11210000E+04   0.22611934E-01
   0.11220000E+04   0.22569808E-01
   0.11230000E+04   0.22526260E-01
   0.11240000E+04   0.22481313E-01
   0.11250000E+04   0.22434989E-01
   0.11260000E+04   0.22387310E-01
   0.11270000E+04   0.22338298E-01
   0.11280000E+04   0.22287975E-01
   0.11290000E+04   0.22236364E-01
   0.11300000E+04   0.22183485E-01
   0.11310000E+04   0.22129362E-01
   0.11320000E+04   0.22074017E-01
   0.11330000E+04   0.22017471E-01
   0.11340000E+04   0.21959747E-01
   0.11350000E+04   0.21900867E-01
   0.11360000E+04   0.21840853E-01
   0.11370000E+04   0.21779726E-01
   0.11380000E+04   0.21717510E-01
   0.11390000E+04   0.21654226E-01
   0.11400000E+04   0.21589897E-01
   0.11410000E+04   0.21524543E-01
   0.11420000E+04   0.21458188E-01
   0.11430000E+04   0.21390854E-01
   0.11440000E+04   0.21322563E-01
   0.11450000E+04   0.21253336E-01
   0.11460000E+04   0.21183196E-01
   0.11470000E+04   0.21112165E-01
   0.11480000E+04   0.21040265E-01
   0.11490000E+04   0.20967518E-01
   0.11500000E+04   0.20893947E-01
   0.11510000E+04   0.20819571E-01
   0.11520000E+04   0.20744410E-01
   0.11530000E+04   0.20668477E-01
   0.11540000E+04   0.20591790E-01
   0.11550000E+04   0.20514365E-01
   0.11560000E+04   0.20436217E-01
   0.11570000E+04   0.20357363E-01
   0.11580000E+04   0.20277819E-01
   0.11590000E+04   0.20197601E-01
   0.11600000E+04   0.20116724E-01
   0.11610000E+04   0.20035205E-01
   0.11620000E+04   0.19953060E-01
   0.11630000E+04   0.19870305E-01
   0.11640000E+04   0.19786956E-01
   0.11650000E+04   0.19703030E-01
   0.11660000E+04   0.19618541E-01
   0.11670000E+04   0.19533506E-01
   0.11680000E+04   0.19447942E-01
   0.11690000E+04   0.19361864E-01
   0.11700000E+04   0.19275289E-01
   0.11710000E+04   0.19188232E-01
   0.11720000E+04   0.19100709E-01
   0.11730000E+04   0.19012737E-01
   0.11740000E+04   0.18924331E-01
   0.11750000E+04   0.18835508E-01
   0.11760000E+04   0.18746284E-01
   0.11770000E+04   0.18656674E-01
   0.11780000E+04   0.18566695E-01
   0.11790000E+04   0.18476363E-01
   0.11800000E+04   0.18385694E-01
   0.11810000E+04   0.18294704E-01
   0.11820000E+04   0.18203409E-01
   0.11830000E+04   0.18111825E-01
   0.11840000E+04   0.18019967E-01
   0.11850000E+04   0.17927854E-01
   0.11860000E+04   0.17835499E-01
   0.11870000E+04   0.17742919E-01
   0.11880000E+04   0.17650131E-01
   0.11890000E+04   0.17557151E-01
   0.11900000E+04   0.17463993E-01
   0.11910000E+04   0.17370675E-01
   0.11920000E+04   0.17277213E-01
   0.11930000E+04   0.17183622E-01
   0.11940000E+04   0.17089919E-01
   0.11950000E+04   0.16996120E-01
   0.11960000E+04   0.16902240E-01
   0.11970000E+04   0.16808296E-01
   0.11980000E+04   0.16714304E-01
   0.11990000E+04   0.16620279E-01
   0.12000000E+04   0.16526239E-01
