   0.20000000E+01   0.86647383E-01
   0.30000000E+01   0.57286645E-01
   0.40000000E+01   0.40000000E-01
   0.50000000E+01   0.36305647E-01
   0.60000000E+01   0.40000000E-01
   0.70000000E+01   0.44496884E-01
   0.80000000E+01   0.47101425E-01
   0.90000000E+01   0.46763789E-01
   0.10000000E+02   0.45123006E-01
   0.11000000E+02   0.44006851E-01
   0.12000000E+02   0.43309208E-01
   0.13000000E+02   0.42551847E-01
   0.14000000E+02   0.41701961E-01
   0.15000000E+02   0.40838099E-01
   0.16000000E+02   0.40023906E-01
   0.17000000E+02   0.39263406E-01
   0.18000000E+02   0.38545720E-01
   0.19000000E+02   0.37859967E-01
   0.20000000E+02   0.37195270E-01
   0.21000000E+02   0.36542647E-01
   0.22000000E+02   0.35900720E-01
   0.23000000E+02   0.35270010E-01
   0.24000000E+02   0.34651036E-01
   0.25000000E+02   0.34044321E-01
   0.26000000E+02   0.33450384E-01
   0.27000000E+02   0.32869746E-01
   0.28000000E+02   0.32302928E-01
   0.29000000E+02   0.31750451E-01
   0.30000000E+02   0.31212836E-01
   0.31000000E+02   0.30690452E-01
   0.32000000E+02   0.30183069E-01
   0.33000000E+02   0.29690304E-01
   0.34000000E+02   0.29211776E-01
   0.35000000E+02   0.28747104E-01
   0.36000000E+02   0.28295904E-01
   0.37000000E+02   0.27857796E-01
   0.38000000E+02   0.27432398E-01
   0.39000000E+02   0.27019327E-01
   0.40000000E+02   0.26618203E-01
   0.41000000E+02   0.26228699E-01
   0.42000000E+02   0.25850718E-01
   0.43000000E+02   0.25484218E-01
   0.44000000E+02   0.25129158E-01
   0.45000000E+02   0.24785496E-01
   0.46000000E+02   0.24453190E-01
   0.47000000E+02   0.24132199E-01
   0.48000000E+02   0.23822482E-01
   0.49000000E+02   0.23523996E-01
   0.50000000E+02   0.23236701E-01
   0.51000000E+02   0.22960569E-01
   0.52000000E+02   0.22695632E-01
   0.53000000E+02   0.22441937E-01
   0.54000000E+02   0.22199531E-01
   0.55000000E+02   0.21968460E-01
   0.56000000E+02   0.21748770E-01
   0.57000000E+02   0.21540510E-01
   0.58000000E+02   0.21343724E-01
   0.59000000E+02   0.21158460E-01
   0.60000000E+02   0.20984764E-01
   0.61000000E+02   0.20822665E-01
   0.62000000E+02   0.20672116E-01
   0.63000000E+02   0.20533052E-01
   0.64000000E+02   0.20405409E-01
   0.65000000E+02   0.20289121E-01
   0.66000000E+02   0.20184123E-01
   0.67000000E+02   0.20090351E-01
   0.68000000E+02   0.20007740E-01
   0.69000000E+02   0.19936224E-01
   0.70000000E+02   0.19875739E-01
   0.71000000E+02   0.19826226E-01
   0.72000000E+02   0.19787646E-01
   0.73000000E+02   0.19759967E-01
   0.74000000E+02   0.19743155E-01
   0.75000000E+02   0.19737179E-01
   0.76000000E+02   0.19742005E-01
   0.77000000E+02   0.19757600E-01
   0.78000000E+02   0.19783932E-01
   0.79000000E+02   0.19820969E-01
   0.80000000E+02   0.19868677E-01
   0.81000000E+02   0.19927016E-01
   0.82000000E+02   0.19995919E-01
   0.83000000E+02   0.20075307E-01
   0.84000000E+02   0.20165106E-01
   0.85000000E+02   0.20265240E-01
   0.86000000E+02   0.20375632E-01
   0.87000000E+02   0.20496206E-01
   0.88000000E+02   0.20626886E-01
   0.89000000E+02   0.20767597E-01
   0.90000000E+02   0.20918261E-01
   0.91000000E+02   0.21078798E-01
   0.92000000E+02   0.21249107E-01
   0.93000000E+02   0.21429079E-01
   0.94000000E+02   0.21618609E-01
   0.95000000E+02   0.21817590E-01
   0.96000000E+02   0.22025913E-01
   0.97000000E+02   0.22243474E-01
   0.98000000E+02   0.22470164E-01
   0.99000000E+02   0.22705877E-01
   0.10000000E+03   0.22950505E-01
   0.10100000E+03   0.23203936E-01
   0.10200000E+03   0.23466028E-01
   0.10300000E+03   0.23736631E-01
   0.10400000E+03   0.24015599E-01
   0.10500000E+03   0.24302783E-01
   0.10600000E+03   0.24598034E-01
   0.10700000E+03   0.24901204E-01
   0.10800000E+03   0.25212145E-01
   0.10900000E+03   0.25530708E-01
   0.11000000E+03   0.25856746E-01
   0.11100000E+03   0.26190109E-01
   0.11200000E+03   0.26530650E-01
   0.11300000E+03   0.26878220E-01
   0.11400000E+03   0.27232670E-01
   0.11500000E+03   0.27593853E-01
   0.11600000E+03   0.27961621E-01
   0.11700000E+03   0.28335824E-01
   0.11800000E+03   0.28716315E-01
   0.11900000E+03   0.29102945E-01
   0.12000000E+03   0.29495566E-01
   0.12100000E+03   0.29894020E-01
   0.12200000E+03   0.30298112E-01
   0.12300000E+03   0.30707637E-01
   0.12400000E+03   0.31122390E-01
   0.12500000E+03   0.31542167E-01
   0.12600000E+03   0.31966762E-01
   0.12700000E+03   0.32395971E-01
   0.12800000E+03   0.32829589E-01
   0.12900000E+03   0.33267411E-01
   0.13000000E+03   0.33709233E-01
   0.13100000E+03   0.34154850E-01
   0.13200000E+03   0.34604056E-01
   0.13300000E+03   0.35056648E-01
   0.13400000E+03   0.35512420E-01
   0.13500000E+03   0.35971167E-01
   0.13600000E+03   0.36432686E-01
   0.13700000E+03   0.36896770E-01
   0.13800000E+03   0.37363215E-01
   0.13900000E+03   0.37831817E-01
   0.14000000E+03   0.38302370E-01
   0.14100000E+03   0.38774671E-01
   0.14200000E+03   0.39248513E-01
   0.14300000E+03   0.39723695E-01
   0.14400000E+03   0.40200010E-01
   0.14500000E+03   0.40677256E-01
   0.14600000E+03   0.41155227E-01
   0.14700000E+03   0.41633720E-01
   0.14800000E+03   0.42112530E-01
   0.14900000E+03   0.42591454E-01
   0.15000000E+03   0.43070287E-01
   0.15100000E+03   0.43548824E-01
   0.15200000E+03   0.44026862E-01
   0.15300000E+03   0.44504197E-01
   0.15400000E+03   0.44980624E-01
   0.15500000E+03   0.45455939E-01
   0.15600000E+03   0.45929937E-01
   0.15700000E+03   0.46402416E-01
   0.15800000E+03   0.46873170E-01
   0.15900000E+03   0.47341995E-01
   0.16000000E+03   0.47808687E-01
   0.16100000E+03   0.48273047E-01
   0.16200000E+03   0.48734895E-01
   0.16300000E+03   0.49194055E-01
   0.16400000E+03   0.49650353E-01
   0.16500000E+03   0.50103612E-01
   0.16600000E+03   0.50553658E-01
   0.16700000E+03   0.51000316E-01
   0.16800000E+03   0.51443410E-01
   0.16900000E+03   0.51882765E-01
   0.17000000E+03   0.52318207E-01
   0.17100000E+03   0.52749558E-01
   0.17200000E+03   0.53176646E-01
   0.17300000E+03   0.53599293E-01
   0.17400000E+03   0.54017326E-01
   0.17500000E+03   0.54430568E-01
   0.17600000E+03   0.54838846E-01
   0.17700000E+03   0.55241982E-01
   0.17800000E+03   0.55639803E-01
   0.17900000E+03   0.56032132E-01
   0.18000000E+03   0.56418796E-01
   0.18100000E+03   0.56799625E-01
   0.18200000E+03   0.57174485E-01
   0.18300000E+03   0.57543247E-01
   0.18400000E+03   0.57905782E-01
   0.18500000E+03   0.58261962E-01
   0.18600000E+03   0.58611659E-01
   0.18700000E+03   0.58954744E-01
   0.18800000E+03   0.59291089E-01
   0.18900000E+03   0.59620566E-01
   0.19000000E+03   0.59943047E-01
   0.19100000E+03   0.60258402E-01
   0.19200000E+03   0.60566504E-01
   0.19300000E+03   0.60867224E-01
   0.19400000E+03   0.61160434E-01
   0.19500000E+03   0.61446006E-01
   0.19600000E+03   0.61723811E-01
   0.19700000E+03   0.61993721E-01
   0.19800000E+03   0.62255608E-01
   0.19900000E+03   0.62509342E-01
   0.20000000E+03   0.62754797E-01
   0.20100000E+03   0.62991857E-01
   0.20200000E+03   0.63220472E-01
   0.20300000E+03   0.63440603E-01
   0.20400000E+03   0.63652211E-01
   0.20500000E+03   0.63855261E-01
   0.20600000E+03   0.64049712E-01
   0.20700000E+03   0.64235529E-01
   0.20800000E+03   0.64412673E-01
   0.20900000E+03   0.64581106E-01
   0.21000000E+03   0.64740791E-01
   0.21100000E+03   0.64891689E-01
   0.21200000E+03   0.65033764E-01
   0.21300000E+03   0.65166977E-01
   0.21400000E+03   0.65291290E-01
   0.21500000E+03   0.65406667E-01
   0.21600000E+03   0.65513068E-01
   0.21700000E+03   0.65610456E-01
   0.21800000E+03   0.65698794E-01
   0.21900000E+03   0.65778044E-01
   0.22000000E+03   0.65848167E-01
   0.22100000E+03   0.65909127E-01
   0.22200000E+03   0.65960885E-01
   0.22300000E+03   0.66003404E-01
   0.22400000E+03   0.66036645E-01
   0.22500000E+03   0.66060572E-01
   0.22600000E+03   0.66075166E-01
   0.22700000E+03   0.66080490E-01
   0.22800000E+03   0.66076625E-01
   0.22900000E+03   0.66063654E-01
   0.23000000E+03   0.66041660E-01
   0.23100000E+03   0.66010724E-01
   0.23200000E+03   0.65970928E-01
   0.23300000E+03   0.65922356E-01
   0.23400000E+03   0.65865088E-01
   0.23500000E+03   0.65799207E-01
   0.23600000E+03   0.65724796E-01
   0.23700000E+03   0.65641937E-01
   0.23800000E+03   0.65550711E-01
   0.23900000E+03   0.65451201E-01
   0.24000000E+03   0.65343490E-01
   0.24100000E+03   0.65227659E-01
   0.24200000E+03   0.65103790E-01
   0.24300000E+03   0.64971967E-01
   0.24400000E+03   0.64832270E-01
   0.24500000E+03   0.64684783E-01
   0.24600000E+03   0.64529587E-01
   0.24700000E+03   0.64366765E-01
   0.24800000E+03   0.64196398E-01
   0.24900000E+03   0.64018570E-01
   0.25000000E+03   0.63833362E-01
   0.25100000E+03   0.63640857E-01
   0.25200000E+03   0.63441140E-01
   0.25300000E+03   0.63234297E-01
   0.25400000E+03   0.63020412E-01
   0.25500000E+03   0.62799572E-01
   0.25600000E+03   0.62571863E-01
   0.25700000E+03   0.62337368E-01
   0.25800000E+03   0.62096175E-01
   0.25900000E+03   0.61848368E-01
   0.26000000E+03   0.61594034E-01
   0.26100000E+03   0.61333257E-01
   0.26200000E+03   0.61066123E-01
   0.26300000E+03   0.60792718E-01
   0.26400000E+03   0.60513127E-01
   0.26500000E+03   0.60227435E-01
   0.26600000E+03   0.59935729E-01
   0.26700000E+03   0.59638094E-01
   0.26800000E+03   0.59334615E-01
   0.26900000E+03   0.59025377E-01
   0.27000000E+03   0.58710467E-01
   0.27100000E+03   0.58389969E-01
   0.27200000E+03   0.58063970E-01
   0.27300000E+03   0.57732555E-01
   0.27400000E+03   0.57395809E-01
   0.27500000E+03   0.57053817E-01
   0.27600000E+03   0.56706688E-01
   0.27700000E+03   0.56354617E-01
   0.27800000E+03   0.55997822E-01
   0.27900000E+03   0.55636519E-01
   0.28000000E+03   0.55270927E-01
   0.28100000E+03   0.54901264E-01
   0.28200000E+03   0.54527746E-01
   0.28300000E+03   0.54150591E-01
   0.28400000E+03   0.53770018E-01
   0.28500000E+03   0.53386243E-01
   0.28600000E+03   0.52999485E-01
   0.28700000E+03   0.52609960E-01
   0.28800000E+03   0.52217886E-01
   0.28900000E+03   0.51823482E-01
   0.29000000E+03   0.51426964E-01
   0.29100000E+03   0.51028550E-01
   0.29200000E+03   0.50628457E-01
   0.29300000E+03   0.50226904E-01
   0.29400000E+03   0.49824108E-01
   0.29500000E+03   0.49420286E-01
   0.29600000E+03   0.49015656E-01
   0.29700000E+03   0.48610436E-01
   0.29800000E+03   0.48204843E-01
   0.29900000E+03   0.47799095E-01
   0.30000000E+03   0.47393409E-01
   0.30100000E+03   0.46987986E-01
   0.30200000E+03   0.46582963E-01
   0.30300000E+03   0.46178459E-01
   0.30400000E+03   0.45774592E-01
   0.30500000E+03   0.45371483E-01
   0.30600000E+03   0.44969250E-01
   0.30700000E+03   0.44568013E-01
   0.30800000E+03   0.44167891E-01
   0.30900000E+03   0.43769003E-01
   0.31000000E+03   0.43371470E-01
   0.31100000E+03   0.42975409E-01
   0.31200000E+03   0.42580941E-01
   0.31300000E+03   0.42188185E-01
   0.31400000E+03   0.41797260E-01
   0.31500000E+03   0.41408285E-01
   0.31600000E+03   0.41021380E-01
   0.31700000E+03   0.40636664E-01
   0.31800000E+03   0.40254257E-01
   0.31900000E+03   0.39874277E-01
   0.32000000E+03   0.39496844E-01
   0.32100000E+03   0.39122077E-01
   0.32200000E+03   0.38750097E-01
   0.32300000E+03   0.38381021E-01
   0.32400000E+03   0.38014969E-01
   0.32500000E+03   0.37652061E-01
   0.32600000E+03   0.37292416E-01
   0.32700000E+03   0.36936153E-01
   0.32800000E+03   0.36583392E-01
   0.32900000E+03   0.36234252E-01
   0.33000000E+03   0.35888852E-01
   0.33100000E+03   0.35547311E-01
   0.33200000E+03   0.35209749E-01
   0.33300000E+03   0.34876286E-01
   0.33400000E+03   0.34547040E-01
   0.33500000E+03   0.34222131E-01
   0.33600000E+03   0.33901678E-01
   0.33700000E+03   0.33585800E-01
   0.33800000E+03   0.33274617E-01
   0.33900000E+03   0.32968249E-01
   0.34000000E+03   0.32666813E-01
   0.34100000E+03   0.32370431E-01
   0.34200000E+03   0.32079220E-01
   0.34300000E+03   0.31793301E-01
   0.34400000E+03   0.31512793E-01
   0.34500000E+03   0.31237814E-01
   0.34600000E+03   0.30968485E-01
   0.34700000E+03   0.30704925E-01
   0.34800000E+03   0.30447253E-01
   0.34900000E+03   0.30195588E-01
   0.35000000E+03   0.29950049E-01
   0.35100000E+03   0.29710734E-01
   0.35200000E+03   0.29477651E-01
   0.35300000E+03   0.29250784E-01
   0.35400000E+03   0.29030119E-01
   0.35500000E+03   0.28815642E-01
   0.35600000E+03   0.28607338E-01
   0.35700000E+03   0.28405192E-01
   0.35800000E+03   0.28209189E-01
   0.35900000E+03   0.28019316E-01
   0.36000000E+03   0.27835556E-01
   0.36100000E+03   0.27657897E-01
   0.36200000E+03   0.27486323E-01
   0.36300000E+03   0.27320819E-01
   0.36400000E+03   0.27161371E-01
   0.36500000E+03   0.27007964E-01
   0.36600000E+03   0.26860585E-01
   0.36700000E+03   0.26719217E-01
   0.36800000E+03   0.26583846E-01
   0.36900000E+03   0.26454458E-01
   0.37000000E+03   0.26331039E-01
   0.37100000E+03   0.26213573E-01
   0.37200000E+03   0.26102046E-01
   0.37300000E+03   0.25996443E-01
   0.37400000E+03   0.25896750E-01
   0.37500000E+03   0.25802952E-01
   0.37600000E+03   0.25715035E-01
   0.37700000E+03   0.25632983E-01
   0.37800000E+03   0.25556783E-01
   0.37900000E+03   0.25486419E-01
   0.38000000E+03   0.25421877E-01
   0.38100000E+03   0.25363143E-01
   0.38200000E+03   0.25310201E-01
   0.38300000E+03   0.25263037E-01
   0.38400000E+03   0.25221637E-01
   0.38500000E+03   0.25185986E-01
   0.38600000E+03   0.25156069E-01
   0.38700000E+03   0.25131872E-01
   0.38800000E+03   0.25113380E-01
   0.38900000E+03   0.25100578E-01
   0.39000000E+03   0.25093452E-01
   0.39100000E+03   0.25091987E-01
   0.39200000E+03   0.25096169E-01
   0.39300000E+03   0.25105982E-01
   0.39400000E+03   0.25121413E-01
   0.39500000E+03   0.25142447E-01
   0.39600000E+03   0.25169068E-01
   0.39700000E+03   0.25201264E-01
   0.39800000E+03   0.25239018E-01
   0.39900000E+03   0.25282316E-01
   0.40000000E+03   0.25331144E-01
   0.40100000E+03   0.25385469E-01
   0.40200000E+03   0.25445193E-01
   0.40300000E+03   0.25510199E-01
   0.40400000E+03   0.25580368E-01
   0.40500000E+03   0.25655586E-01
   0.40600000E+03   0.25735735E-01
   0.40700000E+03   0.25820698E-01
   0.40800000E+03   0.25910359E-01
   0.40900000E+03   0.26004600E-01
   0.41000000E+03   0.26103305E-01
   0.41100000E+03   0.26206358E-01
   0.41200000E+03   0.26313640E-01
   0.41300000E+03   0.26425036E-01
   0.41400000E+03   0.26540429E-01
   0.41500000E+03   0.26659702E-01
   0.41600000E+03   0.26782739E-01
   0.41700000E+03   0.26909421E-01
   0.41800000E+03   0.27039633E-01
   0.41900000E+03   0.27173258E-01
   0.42000000E+03   0.27310179E-01
   0.42100000E+03   0.27450280E-01
   0.42200000E+03   0.27593443E-01
   0.42300000E+03   0.27739551E-01
   0.42400000E+03   0.27888489E-01
   0.42500000E+03   0.28040138E-01
   0.42600000E+03   0.28194383E-01
   0.42700000E+03   0.28351107E-01
   0.42800000E+03   0.28510192E-01
   0.42900000E+03   0.28671523E-01
   0.43000000E+03   0.28834981E-01
   0.43100000E+03   0.29000451E-01
   0.43200000E+03   0.29167816E-01
   0.43300000E+03   0.29336958E-01
   0.43400000E+03   0.29507762E-01
   0.43500000E+03   0.29680109E-01
   0.43600000E+03   0.29853885E-01
   0.43700000E+03   0.30028971E-01
   0.43800000E+03   0.30205250E-01
   0.43900000E+03   0.30382607E-01
   0.44000000E+03   0.30560925E-01
   0.44100000E+03   0.30740086E-01
   0.44200000E+03   0.30919974E-01
   0.44300000E+03   0.31100471E-01
   0.44400000E+03   0.31281462E-01
   0.44500000E+03   0.31462830E-01
   0.44600000E+03   0.31644457E-01
   0.44700000E+03   0.31826227E-01
   0.44800000E+03   0.32008023E-01
   0.44900000E+03   0.32189728E-01
   0.45000000E+03   0.32371226E-01
   0.45100000E+03   0.32552405E-01
   0.45200000E+03   0.32733181E-01
   0.45300000E+03   0.32913472E-01
   0.45400000E+03   0.33093200E-01
   0.45500000E+03   0.33272283E-01
   0.45600000E+03   0.33450643E-01
   0.45700000E+03   0.33628199E-01
   0.45800000E+03   0.33804871E-01
   0.45900000E+03   0.33980580E-01
   0.46000000E+03   0.34155245E-01
   0.46100000E+03   0.34328787E-01
   0.46200000E+03   0.34501125E-01
   0.46300000E+03   0.34672181E-01
   0.46400000E+03   0.34841873E-01
   0.46500000E+03   0.35010123E-01
   0.46600000E+03   0.35176849E-01
   0.46700000E+03   0.35341973E-01
   0.46800000E+03   0.35505414E-01
   0.46900000E+03   0.35667092E-01
   0.47000000E+03   0.35826928E-01
   0.47100000E+03   0.35984841E-01
   0.47200000E+03   0.36140752E-01
   0.47300000E+03   0.36294581E-01
   0.47400000E+03   0.36446247E-01
   0.47500000E+03   0.36595672E-01
   0.47600000E+03   0.36742774E-01
   0.47700000E+03   0.36887475E-01
   0.47800000E+03   0.37029694E-01
   0.47900000E+03   0.37169351E-01
   0.48000000E+03   0.37306366E-01
   0.48100000E+03   0.37440660E-01
   0.48200000E+03   0.37572153E-01
   0.48300000E+03   0.37700764E-01
   0.48400000E+03   0.37826414E-01
   0.48500000E+03   0.37949023E-01
   0.48600000E+03   0.38068510E-01
   0.48700000E+03   0.38184797E-01
   0.48800000E+03   0.38297803E-01
   0.48900000E+03   0.38407448E-01
   0.49000000E+03   0.38513652E-01
   0.49100000E+03   0.38616336E-01
   0.49200000E+03   0.38715420E-01
   0.49300000E+03   0.38810822E-01
   0.49400000E+03   0.38902465E-01
   0.49500000E+03   0.38990267E-01
   0.49600000E+03   0.39074149E-01
   0.49700000E+03   0.39154031E-01
   0.49800000E+03   0.39229833E-01
   0.49900000E+03   0.39301476E-01
   0.50000000E+03   0.39368878E-01
   0.50100000E+03   0.39431979E-01
   0.50200000E+03   0.39490791E-01
   0.50300000E+03   0.39545342E-01
   0.50400000E+03   0.39595664E-01
   0.50500000E+03   0.39641785E-01
   0.50600000E+03   0.39683737E-01
   0.50700000E+03   0.39721548E-01
   0.50800000E+03   0.39755249E-01
   0.50900000E+03   0.39784870E-01
   0.51000000E+03   0.39810440E-01
   0.51100000E+03   0.39831990E-01
   0.51200000E+03   0.39849549E-01
   0.51300000E+03   0.39863148E-01
   0.51400000E+03   0.39872816E-01
   0.51500000E+03   0.39878583E-01
   0.51600000E+03   0.39880480E-01
   0.51700000E+03   0.39878535E-01
   0.51800000E+03   0.39872779E-01
   0.51900000E+03   0.39863243E-01
   0.52000000E+03   0.39849955E-01
   0.52100000E+03   0.39832946E-01
   0.52200000E+03   0.39812245E-01
   0.52300000E+03   0.39787883E-01
   0.52400000E+03   0.39759890E-01
   0.52500000E+03   0.39728295E-01
   0.52600000E+03   0.39693128E-01
   0.52700000E+03   0.39654420E-01
   0.52800000E+03   0.39612199E-01
   0.52900000E+03   0.39566497E-01
   0.53000000E+03   0.39517343E-01
   0.53100000E+03   0.39464767E-01
   0.53200000E+03   0.39408799E-01
   0.53300000E+03   0.39349468E-01
   0.53400000E+03   0.39286805E-01
   0.53500000E+03   0.39220840E-01
   0.53600000E+03   0.39151603E-01
   0.53700000E+03   0.39079122E-01
   0.53800000E+03   0.39003430E-01
   0.53900000E+03   0.38924554E-01
   0.54000000E+03   0.38842526E-01
   0.54100000E+03   0.38757375E-01
   0.54200000E+03   0.38669131E-01
   0.54300000E+03   0.38577824E-01
   0.54400000E+03   0.38483484E-01
   0.54500000E+03   0.38386141E-01
   0.54600000E+03   0.38285825E-01
   0.54700000E+03   0.38182565E-01
   0.54800000E+03   0.38076392E-01
   0.54900000E+03   0.37967335E-01
   0.55000000E+03   0.37855425E-01
   0.55100000E+03   0.37740701E-01
   0.55200000E+03   0.37623241E-01
   0.55300000E+03   0.37503133E-01
   0.55400000E+03   0.37380464E-01
   0.55500000E+03   0.37255322E-01
   0.55600000E+03   0.37127794E-01
   0.55700000E+03   0.36997969E-01
   0.55800000E+03   0.36865934E-01
   0.55900000E+03   0.36731777E-01
   0.56000000E+03   0.36595584E-01
   0.56100000E+03   0.36457445E-01
   0.56200000E+03   0.36317447E-01
   0.56300000E+03   0.36175676E-01
   0.56400000E+03   0.36032222E-01
   0.56500000E+03   0.35887171E-01
   0.56600000E+03   0.35740612E-01
   0.56700000E+03   0.35592631E-01
   0.56800000E+03   0.35443317E-01
   0.56900000E+03   0.35292757E-01
   0.57000000E+03   0.35141039E-01
   0.57100000E+03   0.34988251E-01
   0.57200000E+03   0.34834479E-01
   0.57300000E+03   0.34679813E-01
   0.57400000E+03   0.34524339E-01
   0.57500000E+03   0.34368146E-01
   0.57600000E+03   0.34211320E-01
   0.57700000E+03   0.34053949E-01
   0.57800000E+03   0.33896122E-01
   0.57900000E+03   0.33737926E-01
   0.58000000E+03   0.33579448E-01
   0.58100000E+03   0.33420776E-01
   0.58200000E+03   0.33261998E-01
   0.58300000E+03   0.33103201E-01
   0.58400000E+03   0.32944474E-01
   0.58500000E+03   0.32785903E-01
   0.58600000E+03   0.32627577E-01
   0.58700000E+03   0.32469582E-01
   0.58800000E+03   0.32312008E-01
   0.58900000E+03   0.32154941E-01
   0.59000000E+03   0.31998469E-01
   0.59100000E+03   0.31842679E-01
   0.59200000E+03   0.31687660E-01
   0.59300000E+03   0.31533499E-01
   0.59400000E+03   0.31380284E-01
   0.59500000E+03   0.31228102E-01
   0.59600000E+03   0.31077041E-01
   0.59700000E+03   0.30927188E-01
   0.59800000E+03   0.30778632E-01
   0.59900000E+03   0.30631460E-01
   0.60000000E+03   0.30485760E-01
   0.60100000E+03   0.30341611E-01
   0.60200000E+03   0.30199065E-01
   0.60300000E+03   0.30058163E-01
   0.60400000E+03   0.29918948E-01
   0.60500000E+03   0.29781463E-01
   0.60600000E+03   0.29645751E-01
   0.60700000E+03   0.29511854E-01
   0.60800000E+03   0.29379816E-01
   0.60900000E+03   0.29249678E-01
   0.61000000E+03   0.29121483E-01
   0.61100000E+03   0.28995274E-01
   0.61200000E+03   0.28871094E-01
   0.61300000E+03   0.28748986E-01
   0.61400000E+03   0.28628991E-01
   0.61500000E+03   0.28511153E-01
   0.61600000E+03   0.28395515E-01
   0.61700000E+03   0.28282118E-01
   0.61800000E+03   0.28171007E-01
   0.61900000E+03   0.28062222E-01
   0.62000000E+03   0.27955808E-01
   0.62100000E+03   0.27851807E-01
   0.62200000E+03   0.27750261E-01
   0.62300000E+03   0.27651213E-01
   0.62400000E+03   0.27554706E-01
   0.62500000E+03   0.27460782E-01
   0.62600000E+03   0.27369485E-01
   0.62700000E+03   0.27280856E-01
   0.62800000E+03   0.27194939E-01
   0.62900000E+03   0.27111775E-01
   0.63000000E+03   0.27031409E-01
   0.63100000E+03   0.26953882E-01
   0.63200000E+03   0.26879238E-01
   0.63300000E+03   0.26807518E-01
   0.63400000E+03   0.26738765E-01
   0.63500000E+03   0.26673023E-01
   0.63600000E+03   0.26610334E-01
   0.63700000E+03   0.26550740E-01
   0.63800000E+03   0.26494285E-01
   0.63900000E+03   0.26441010E-01
   0.64000000E+03   0.26390959E-01
   0.64100000E+03   0.26344174E-01
   0.64200000E+03   0.26300698E-01
   0.64300000E+03   0.26260574E-01
   0.64400000E+03   0.26223844E-01
   0.64500000E+03   0.26190550E-01
   0.64600000E+03   0.26160737E-01
   0.64700000E+03   0.26134445E-01
   0.64800000E+03   0.26111719E-01
   0.64900000E+03   0.26092600E-01
   0.65000000E+03   0.26077131E-01
   0.65100000E+03   0.26065342E-01
   0.65200000E+03   0.26057204E-01
   0.65300000E+03   0.26052678E-01
   0.65400000E+03   0.26051722E-01
   0.65500000E+03   0.26054295E-01
   0.65600000E+03   0.26060357E-01
   0.65700000E+03   0.26069867E-01
   0.65800000E+03   0.26082783E-01
   0.65900000E+03   0.26099065E-01
   0.66000000E+03   0.26118672E-01
   0.66100000E+03   0.26141563E-01
   0.66200000E+03   0.26167697E-01
   0.66300000E+03   0.26197033E-01
   0.66400000E+03   0.26229531E-01
   0.66500000E+03   0.26265150E-01
   0.66600000E+03   0.26303847E-01
   0.66700000E+03   0.26345584E-01
   0.66800000E+03   0.26390318E-01
   0.66900000E+03   0.26438010E-01
   0.67000000E+03   0.26488617E-01
   0.67100000E+03   0.26542100E-01
   0.67200000E+03   0.26598416E-01
   0.67300000E+03   0.26657526E-01
   0.67400000E+03   0.26719389E-01
   0.67500000E+03   0.26783963E-01
   0.67600000E+03   0.26851208E-01
   0.67700000E+03   0.26921082E-01
   0.67800000E+03   0.26993546E-01
   0.67900000E+03   0.27068557E-01
   0.68000000E+03   0.27146076E-01
   0.68100000E+03   0.27226061E-01
   0.68200000E+03   0.27308471E-01
   0.68300000E+03   0.27393266E-01
   0.68400000E+03   0.27480404E-01
   0.68500000E+03   0.27569845E-01
   0.68600000E+03   0.27661547E-01
   0.68700000E+03   0.27755471E-01
   0.68800000E+03   0.27851574E-01
   0.68900000E+03   0.27949817E-01
   0.69000000E+03   0.28050157E-01
   0.69100000E+03   0.28152556E-01
   0.69200000E+03   0.28256970E-01
   0.69300000E+03   0.28363360E-01
   0.69400000E+03   0.28471685E-01
   0.69500000E+03   0.28581903E-01
   0.69600000E+03   0.28693975E-01
   0.69700000E+03   0.28807858E-01
   0.69800000E+03   0.28923512E-01
   0.69900000E+03   0.29040897E-01
   0.70000000E+03   0.29159971E-01
   0.70100000E+03   0.29280687E-01
   0.70200000E+03   0.29402974E-01
   0.70300000E+03   0.29526753E-01
   0.70400000E+03   0.29651948E-01
   0.70500000E+03   0.29778481E-01
   0.70600000E+03   0.29906273E-01
   0.70700000E+03   0.30035247E-01
   0.70800000E+03   0.30165326E-01
   0.70900000E+03   0.30296431E-01
   0.71000000E+03   0.30428485E-01
   0.71100000E+03   0.30561410E-01
   0.71200000E+03   0.30695129E-01
   0.71300000E+03   0.30829563E-01
   0.71400000E+03   0.30964635E-01
   0.71500000E+03   0.31100268E-01
   0.71600000E+03   0.31236383E-01
   0.71700000E+03   0.31372903E-01
   0.71800000E+03   0.31509749E-01
   0.71900000E+03   0.31646846E-01
   0.72000000E+03   0.31784113E-01
   0.72100000E+03   0.31921475E-01
   0.72200000E+03   0.32058853E-01
   0.72300000E+03   0.32196169E-01
   0.72400000E+03   0.32333345E-01
   0.72500000E+03   0.32470305E-01
   0.72600000E+03   0.32606970E-01
   0.72700000E+03   0.32743263E-01
   0.72800000E+03   0.32879105E-01
   0.72900000E+03   0.33014419E-01
   0.73000000E+03   0.33149128E-01
   0.73100000E+03   0.33283153E-01
   0.73200000E+03   0.33416417E-01
   0.73300000E+03   0.33548843E-01
   0.73400000E+03   0.33680351E-01
   0.73500000E+03   0.33810866E-01
   0.73600000E+03   0.33940308E-01
   0.73700000E+03   0.34068601E-01
   0.73800000E+03   0.34195666E-01
   0.73900000E+03   0.34321426E-01
   0.74000000E+03   0.34445803E-01
   0.74100000E+03   0.34568719E-01
   0.74200000E+03   0.34690097E-01
   0.74300000E+03   0.34809858E-01
   0.74400000E+03   0.34927926E-01
   0.74500000E+03   0.35044223E-01
   0.74600000E+03   0.35158670E-01
   0.74700000E+03   0.35271190E-01
   0.74800000E+03   0.35381705E-01
   0.74900000E+03   0.35490137E-01
   0.75000000E+03   0.35596410E-01
   0.75100000E+03   0.35700453E-01
   0.75200000E+03   0.35802233E-01
   0.75300000E+03   0.35901723E-01
   0.75400000E+03   0.35998898E-01
   0.75500000E+03   0.36093733E-01
   0.75600000E+03   0.36186201E-01
   0.75700000E+03   0.36276277E-01
   0.75800000E+03   0.36363936E-01
   0.75900000E+03   0.36449151E-01
   0.76000000E+03   0.36531897E-01
   0.76100000E+03   0.36612148E-01
   0.76200000E+03   0.36689878E-01
   0.76300000E+03   0.36765063E-01
   0.76400000E+03   0.36837676E-01
   0.76500000E+03   0.36907691E-01
   0.76600000E+03   0.36975083E-01
   0.76700000E+03   0.37039826E-01
   0.76800000E+03   0.37101894E-01
   0.76900000E+03   0.37161262E-01
   0.77000000E+03   0.37217904E-01
   0.77100000E+03   0.37271795E-01
   0.77200000E+03   0.37322908E-01
   0.77300000E+03   0.37371218E-01
   0.77400000E+03   0.37416700E-01
   0.77500000E+03   0.37459327E-01
   0.77600000E+03   0.37499074E-01
   0.77700000E+03   0.37535915E-01
   0.77800000E+03   0.37569825E-01
   0.77900000E+03   0.37600778E-01
   0.78000000E+03   0.37628748E-01
   0.78100000E+03   0.37653710E-01
   0.78200000E+03   0.37675637E-01
   0.78300000E+03   0.37694504E-01
   0.78400000E+03   0.37710286E-01
   0.78500000E+03   0.37722957E-01
   0.78600000E+03   0.37732491E-01
   0.78700000E+03   0.37738862E-01
   0.78800000E+03   0.37742045E-01
   0.78900000E+03   0.37742014E-01
   0.79000000E+03   0.37738743E-01
   0.79100000E+03   0.37732207E-01
   0.79200000E+03   0.37722380E-01
   0.79300000E+03   0.37709236E-01
   0.79400000E+03   0.37692750E-01
   0.79500000E+03   0.37672896E-01
   0.79600000E+03   0.37649648E-01
   0.79700000E+03   0.37622980E-01
   0.79800000E+03   0.37592868E-01
   0.79900000E+03   0.37559285E-01
   0.80000000E+03   0.37522205E-01
   0.80100000E+03   0.37481614E-01
   0.80200000E+03   0.37437543E-01
   0.80300000E+03   0.37390035E-01
   0.80400000E+03   0.37339131E-01
   0.80500000E+03   0.37284873E-01
   0.80600000E+03   0.37227305E-01
   0.80700000E+03   0.37166467E-01
   0.80800000E+03   0.37102403E-01
   0.80900000E+03   0.37035154E-01
   0.81000000E+03   0.36964763E-01
   0.81100000E+03   0.36891271E-01
   0.81200000E+03   0.36814722E-01
   0.81300000E+03   0.36735157E-01
   0.81400000E+03   0.36652619E-01
   0.81500000E+03   0.36567149E-01
   0.81600000E+03   0.36478790E-01
   0.81700000E+03   0.36387584E-01
   0.81800000E+03   0.36293574E-01
   0.81900000E+03   0.36196801E-01
   0.82000000E+03   0.36097307E-01
   0.82100000E+03   0.35995136E-01
   0.82200000E+03   0.35890329E-01
   0.82300000E+03   0.35782928E-01
   0.82400000E+03   0.35672975E-01
   0.82500000E+03   0.35560514E-01
   0.82600000E+03   0.35445585E-01
   0.82700000E+03   0.35328231E-01
   0.82800000E+03   0.35208495E-01
   0.82900000E+03   0.35086418E-01
   0.83000000E+03   0.34962043E-01
   0.83100000E+03   0.34835412E-01
   0.83200000E+03   0.34706568E-01
   0.83300000E+03   0.34575551E-01
   0.83400000E+03   0.34442405E-01
   0.83500000E+03   0.34307172E-01
   0.83600000E+03   0.34169894E-01
   0.83700000E+03   0.34030613E-01
   0.83800000E+03   0.33889372E-01
   0.83900000E+03   0.33746212E-01
   0.84000000E+03   0.33601175E-01
   0.84100000E+03   0.33454305E-01
   0.84200000E+03   0.33305644E-01
   0.84300000E+03   0.33155232E-01
   0.84400000E+03   0.33003113E-01
   0.84500000E+03   0.32849329E-01
   0.84600000E+03   0.32693922E-01
   0.84700000E+03   0.32536934E-01
   0.84800000E+03   0.32378408E-01
   0.84900000E+03   0.32218386E-01
   0.85000000E+03   0.32056909E-01
   0.85100000E+03   0.31894023E-01
   0.85200000E+03   0.31729787E-01
   0.85300000E+03   0.31564260E-01
   0.85400000E+03   0.31397504E-01
   0.85500000E+03   0.31229580E-01
   0.85600000E+03   0.31060549E-01
   0.85700000E+03   0.30890471E-01
   0.85800000E+03   0.30719408E-01
   0.85900000E+03   0.30547421E-01
   0.86000000E+03   0.30374570E-01
   0.86100000E+03   0.30200917E-01
   0.86200000E+03   0.30026522E-01
   0.86300000E+03   0.29851447E-01
   0.86400000E+03   0.29675751E-01
   0.86500000E+03   0.29499497E-01
   0.86600000E+03   0.29322745E-01
   0.86700000E+03   0.29145556E-01
   0.86800000E+03   0.28967992E-01
   0.86900000E+03   0.28790112E-01
   0.87000000E+03   0.28611978E-01
   0.87100000E+03   0.28433651E-01
   0.87200000E+03   0.28255191E-01
   0.87300000E+03   0.28076661E-01
   0.87400000E+03   0.27898120E-01
   0.87500000E+03   0.27719630E-01
   0.87600000E+03   0.27541251E-01
   0.87700000E+03   0.27363045E-01
   0.87800000E+03   0.27185072E-01
   0.87900000E+03   0.27007394E-01
   0.88000000E+03   0.26830071E-01
   0.88100000E+03   0.26653164E-01
   0.88200000E+03   0.26476734E-01
   0.88300000E+03   0.26300843E-01
   0.88400000E+03   0.26125550E-01
   0.88500000E+03   0.25950918E-01
   0.88600000E+03   0.25777006E-01
   0.88700000E+03   0.25603877E-01
   0.88800000E+03   0.25431590E-01
   0.88900000E+03   0.25260207E-01
   0.89000000E+03   0.25089789E-01
   0.89100000E+03   0.24920396E-01
   0.89200000E+03   0.24752090E-01
   0.89300000E+03   0.24584932E-01
   0.89400000E+03   0.24418982E-01
   0.89500000E+03   0.24254301E-01
   0.89600000E+03   0.24090951E-01
   0.89700000E+03   0.23928992E-01
   0.89800000E+03   0.23768485E-01
   0.89900000E+03   0.23609492E-01
   0.90000000E+03   0.23452072E-01
   0.90100000E+03   0.23296281E-01
   0.90200000E+03   0.23142147E-01
   0.90300000E+03   0.22989692E-01
   0.90400000E+03   0.22838938E-01
   0.90500000E+03   0.22689906E-01
   0.90600000E+03   0.22542619E-01
   0.90700000E+03   0.22397098E-01
   0.90800000E+03   0.22253365E-01
   0.90900000E+03   0.22111442E-01
   0.91000000E+03   0.21971351E-01
   0.91100000E+03   0.21833115E-01
   0.91200000E+03   0.21696754E-01
   0.91300000E+03   0.21562290E-01
   0.91400000E+03   0.21429747E-01
   0.91500000E+03   0.21299144E-01
   0.91600000E+03   0.21170505E-01
   0.91700000E+03   0.21043851E-01
   0.91800000E+03   0.20919204E-01
   0.91900000E+03   0.20796587E-01
   0.92000000E+03   0.20676020E-01
   0.92100000E+03   0.20557525E-01
   0.92200000E+03   0.20441126E-01
   0.92300000E+03   0.20326843E-01
   0.92400000E+03   0.20214698E-01
   0.92500000E+03   0.20104713E-01
   0.92600000E+03   0.19996911E-01
   0.92700000E+03   0.19891313E-01
   0.92800000E+03   0.19787940E-01
   0.92900000E+03   0.19686816E-01
   0.93000000E+03   0.19587961E-01
   0.93100000E+03   0.19491398E-01
   0.93200000E+03   0.19397148E-01
   0.93300000E+03   0.19305233E-01
   0.93400000E+03   0.19215676E-01
   0.93500000E+03   0.19128498E-01
   0.93600000E+03   0.19043721E-01
   0.93700000E+03   0.18961367E-01
   0.93800000E+03   0.18881457E-01
   0.93900000E+03   0.18804014E-01
   0.94000000E+03   0.18729060E-01
   0.94100000E+03   0.18656616E-01
   0.94200000E+03   0.18586704E-01
   0.94300000E+03   0.18519347E-01
   0.94400000E+03   0.18454566E-01
   0.94500000E+03   0.18392382E-01
   0.94600000E+03   0.18332819E-01
   0.94700000E+03   0.18275897E-01
   0.94800000E+03   0.18221638E-01
   0.94900000E+03   0.18170066E-01
   0.95000000E+03   0.18121200E-01
   0.95100000E+03   0.18075055E-01
   0.95200000E+03   0.18031607E-01
   0.95300000E+03   0.17990824E-01
   0.95400000E+03   0.17952673E-01
   0.95500000E+03   0.17917123E-01
   0.95600000E+03   0.17884142E-01
   0.95700000E+03   0.17853696E-01
   0.95800000E+03   0.17825754E-01
   0.95900000E+03   0.17800285E-01
   0.96000000E+03   0.17777254E-01
   0.96100000E+03   0.17756631E-01
   0.96200000E+03   0.17738383E-01
   0.96300000E+03   0.17722479E-01
   0.96400000E+03   0.17708885E-01
   0.96500000E+03   0.17697569E-01
   0.96600000E+03   0.17688500E-01
   0.96700000E+03   0.17681646E-01
   0.96800000E+03   0.17676973E-01
   0.96900000E+03   0.17674450E-01
   0.97000000E+03   0.17674045E-01
   0.97100000E+03   0.17675725E-01
   0.97200000E+03   0.17679459E-01
   0.97300000E+03   0.17685214E-01
   0.97400000E+03   0.17692958E-01
   0.97500000E+03   0.17702658E-01
   0.97600000E+03   0.17714283E-01
   0.97700000E+03   0.17727800E-01
   0.97800000E+03   0.17743178E-01
   0.97900000E+03   0.17760383E-01
   0.98000000E+03   0.17779384E-01
   0.98100000E+03   0.17800149E-01
   0.98200000E+03   0.17822645E-01
   0.98300000E+03   0.17846841E-01
   0.98400000E+03   0.17872703E-01
   0.98500000E+03   0.17900201E-01
   0.98600000E+03   0.17929300E-01
   0.98700000E+03   0.17959971E-01
   0.98800000E+03   0.17992180E-01
   0.98900000E+03   0.18025894E-01
   0.99000000E+03   0.18061083E-01
   0.99100000E+03   0.18097713E-01
   0.99200000E+03   0.18135753E-01
   0.99300000E+03   0.18175171E-01
   0.99400000E+03   0.18215933E-01
   0.99500000E+03   0.18258008E-01
   0.99600000E+03   0.18301364E-01
   0.99700000E+03   0.18345969E-01
   0.99800000E+03   0.18391790E-01
   0.99900000E+03   0.18438795E-01
   0.10000000E+04   0.18486953E-01
   0.10010000E+04   0.18536228E-01
   0.10020000E+04   0.18586577E-01
   0.10030000E+04   0.18637956E-01
   0.10040000E+04   0.18690320E-01
   0.10050000E+04   0.18743623E-01
   0.10060000E+04   0.18797820E-01
   0.10070000E+04   0.18852866E-01
   0.10080000E+04   0.18908716E-01
   0.10090000E+04   0.18965324E-01
   0.10100000E+04   0.19022647E-01
   0.10110000E+04   0.19080637E-01
   0.10120000E+04   0.19139251E-01
   0.10130000E+04   0.19198443E-01
   0.10140000E+04   0.19258169E-01
   0.10150000E+04   0.19318382E-01
   0.10160000E+04   0.19379038E-01
   0.10170000E+04   0.19440091E-01
   0.10180000E+04   0.19501498E-01
   0.10190000E+04   0.19563211E-01
   0.10200000E+04   0.19625187E-01
   0.10210000E+04   0.19687380E-01
   0.10220000E+04   0.19749744E-01
   0.10230000E+04   0.19812236E-01
   0.10240000E+04   0.19874809E-01
   0.10250000E+04   0.19937419E-01
   0.10260000E+04   0.20000020E-01
   0.10270000E+04   0.20062568E-01
   0.10280000E+04   0.20125017E-01
   0.10290000E+04   0.20187321E-01
   0.10300000E+04   0.20249437E-01
   0.10310000E+04   0.20311319E-01
   0.10320000E+04   0.20372920E-01
   0.10330000E+04   0.20434198E-01
   0.10340000E+04   0.20495106E-01
   0.10350000E+04   0.20555599E-01
   0.10360000E+04   0.20615632E-01
   0.10370000E+04   0.20675160E-01
   0.10380000E+04   0.20734138E-01
   0.10390000E+04   0.20792520E-01
   0.10400000E+04   0.20850262E-01
   0.10410000E+04   0.20907318E-01
   0.10420000E+04   0.20963644E-01
   0.10430000E+04   0.21019194E-01
   0.10440000E+04   0.21073922E-01
   0.10450000E+04   0.21127785E-01
   0.10460000E+04   0.21180736E-01
   0.10470000E+04   0.21232731E-01
   0.10480000E+04   0.21283724E-01
   0.10490000E+04   0.21333670E-01
   0.10500000E+04   0.21382525E-01
   0.10510000E+04   0.21430248E-01
   0.10520000E+04   0.21476820E-01
   0.10530000E+04   0.21522226E-01
   0.10540000E+04   0.21566453E-01
   0.10550000E+04   0.21609485E-01
   0.10560000E+04   0.21651310E-01
   0.10570000E+04   0.21691913E-01
   0.10580000E+04   0.21731279E-01
   0.10590000E+04   0.21769394E-01
   0.10600000E+04   0.21806245E-01
   0.10610000E+04   0.21841816E-01
   0.10620000E+04   0.21876094E-01
   0.10630000E+04   0.21909065E-01
   0.10640000E+04   0.21940713E-01
   0.10650000E+04   0.21971026E-01
   0.10660000E+04   0.21999989E-01
   0.10670000E+04   0.22027587E-01
   0.10680000E+04   0.22053807E-01
   0.10690000E+04   0.22078633E-01
   0.10700000E+04   0.22102053E-01
   0.10710000E+04   0.22124052E-01
   0.10720000E+04   0.22144615E-01
   0.10730000E+04   0.22163728E-01
   0.10740000E+04   0.22181378E-01
   0.10750000E+04   0.22197549E-01
   0.10760000E+04   0.22212228E-01
   0.10770000E+04   0.22225401E-01
   0.10780000E+04   0.22237053E-01
   0.10790000E+04   0.22247170E-01
   0.10800000E+04   0.22255737E-01
   0.10810000E+04   0.22262742E-01
   0.10820000E+04   0.22268168E-01
   0.10830000E+04   0.22272003E-01
   0.10840000E+04   0.22274232E-01
   0.10850000E+04   0.22274841E-01
   0.10860000E+04   0.22273815E-01
   0.10870000E+04   0.22271141E-01
   0.10880000E+04   0.22266804E-01
   0.10890000E+04   0.22260789E-01
   0.10900000E+04   0.22253084E-01
   0.10910000E+04   0.22243673E-01
   0.10920000E+04   0.22232542E-01
   0.10930000E+04   0.22219677E-01
   0.10940000E+04   0.22205064E-01
   0.10950000E+04   0.22188688E-01
   0.10960000E+04   0.22170537E-01
   0.10970000E+04   0.22150594E-01
   0.10980000E+04   0.22128846E-01
   0.10990000E+04   0.22105279E-01
   0.11000000E+04   0.22079879E-01
   0.11010000E+04   0.22052638E-01
   0.11020000E+04   0.22023582E-01
   0.11030000E+04   0.21992741E-01
   0.11040000E+04   0.21960147E-01
   0.11050000E+04   0.21925831E-01
   0.11060000E+04   0.21889826E-01
   0.11070000E+04   0.21852163E-01
   0.11080000E+04   0.21812872E-01
   0.11090000E+04   0.21771987E-01
   0.11100000E+04   0.21729538E-01
   0.11110000E+04   0.21685557E-01
   0.11120000E+04   0.21640075E-01
   0.11130000E+04   0.21593124E-01
   0.11140000E+04   0.21544736E-01
   0.11150000E+04   0.21494943E-01
   0.11160000E+04   0.21443774E-01
   0.11170000E+04   0.21391264E-01
   0.11180000E+04   0.21337442E-01
   0.11190000E+04   0.21282340E-01
   0.11200000E+04   0.21225991E-01
   0.11210000E+04   0.21168425E-01
   0.11220000E+04   0.21109674E-01
   0.11230000E+04   0.21049770E-01
   0.11240000E+04   0.20988744E-01
   0.11250000E+04   0.20926627E-01
   0.11260000E+04   0.20863452E-01
   0.11270000E+04   0.20799250E-01
   0.11280000E+04   0.20734052E-01
   0.11290000E+04   0.20667891E-01
   0.11300000E+04   0.20600797E-01
   0.11310000E+04   0.20532802E-01
   0.11320000E+04   0.20463937E-01
   0.11330000E+04   0.20394235E-01
   0.11340000E+04   0.20323727E-01
   0.11350000E+04   0.20252444E-01
   0.11360000E+04   0.20180418E-01
   0.11370000E+04   0.20107681E-01
   0.11380000E+04   0.20034263E-01
   0.11390000E+04   0.19960197E-01
   0.11400000E+04   0.19885514E-01
   0.11410000E+04   0.19810246E-01
   0.11420000E+04   0.19734424E-01
   0.11430000E+04   0.19658080E-01
   0.11440000E+04   0.19581246E-01
   0.11450000E+04   0.19503952E-01
   0.11460000E+04   0.19426231E-01
   0.11470000E+04   0.19348114E-01
   0.11480000E+04   0.19269632E-01
   0.11490000E+04   0.19190818E-01
   0.11500000E+04   0.19111702E-01
   0.11510000E+04   0.19032313E-01
   0.11520000E+04   0.18952659E-01
   0.11530000E+04   0.18872746E-01
   0.11540000E+04   0.18792579E-01
   0.11550000E+04   0.18712165E-01
   0.11560000E+04   0.18631508E-01
   0.11570000E+04   0.18550613E-01
   0.11580000E+04   0.18469486E-01
   0.11590000E+04   0.18388133E-01
   0.11600000E+04   0.18306559E-01
   0.11610000E+04   0.18224769E-01
   0.11620000E+04   0.18142769E-01
   0.11630000E+04   0.18060563E-01
   0.11640000E+04   0.17978158E-01
   0.11650000E+04   0.17895559E-01
   0.11660000E+04   0.17812771E-01
   0.11670000E+04   0.17729800E-01
   0.11680000E+04   0.17646650E-01
   0.11690000E+04   0.17563328E-01
   0.11700000E+04   0.17479839E-01
   0.11710000E+04   0.17396188E-01
   0.11720000E+04   0.17312381E-01
   0.11730000E+04   0.17228422E-01
   0.11740000E+04   0.17144318E-01
   0.11750000E+04   0.17060073E-01
   0.11760000E+04   0.16975694E-01
   0.11770000E+04   0.16891186E-01
   0.11780000E+04   0.16806553E-01
   0.11790000E+04   0.16721801E-01
   0.11800000E+04   0.16636937E-01
   0.11810000E+04   0.16551964E-01
   0.11820000E+04   0.16466889E-01
   0.11830000E+04   0.16381717E-01
   0.11840000E+04   0.16296453E-01
   0.11850000E+04   0.16211103E-01
   0.11860000E+04   0.16125672E-01
   0.11870000E+04   0.16040165E-01
   0.11880000E+04   0.15954588E-01
   0.11890000E+04   0.15868947E-01
   0.11900000E+04   0.15783246E-01
   0.11910000E+04   0.15697491E-01
   0.11920000E+04   0.15611688E-01
   0.11930000E+04   0.15525841E-01
   0.11940000E+04   0.15439957E-01
   0.11950000E+04   0.15354041E-01
   0.11960000E+04   0.15268097E-01
   0.11970000E+04   0.15182132E-01
   0.11980000E+04   0.15096151E-01
   0.11990000E+04   0.15010159E-01
   0.12000000E+04   0.14924161E-01
