   0.20000000E+01   0.83094495E-01
   0.30000000E+01   0.54975158E-01
   0.40000000E+01   0.40000000E-01
   0.50000000E+01   0.37015365E-01
   0.60000000E+01   0.40000000E-01
   0.70000000E+01   0.43449974E-01
   0.80000000E+01   0.45309998E-01
   0.90000000E+01   0.44883194E-01
   0.10000000E+02   0.43457671E-01
   0.11000000E+02   0.42444358E-01
   0.12000000E+02   0.41760451E-01
   0.13000000E+02   0.41035752E-01
   0.14000000E+02   0.40244212E-01
   0.15000000E+02   0.39445822E-01
   0.16000000E+02   0.38689135E-01
   0.17000000E+02   0.37976966E-01
   0.18000000E+02   0.37300698E-01
   0.19000000E+02   0.36651711E-01
   0.20000000E+02   0.36021387E-01
   0.21000000E+02   0.35402602E-01
   0.22000000E+02   0.34794220E-01
   0.23000000E+02   0.34196600E-01
   0.24000000E+02   0.33610101E-01
   0.25000000E+02   0.33035082E-01
   0.26000000E+02   0.32471902E-01
   0.27000000E+02   0.31920920E-01
   0.28000000E+02   0.31382495E-01
   0.29000000E+02   0.30856986E-01
   0.30000000E+02   0.30344753E-01
   0.31000000E+02   0.29846047E-01
   0.32000000E+02   0.29360692E-01
   0.33000000E+02   0.28888405E-01
   0.34000000E+02   0.28428901E-01
   0.35000000E+02   0.27981897E-01
   0.36000000E+02   0.27547109E-01
   0.37000000E+02   0.27124255E-01
   0.38000000E+02   0.26713049E-01
   0.39000000E+02   0.26313210E-01
   0.40000000E+02   0.25924452E-01
   0.41000000E+02   0.25546544E-01
   0.42000000E+02   0.25179463E-01
   0.43000000E+02   0.24823236E-01
   0.44000000E+02   0.24477889E-01
   0.45000000E+02   0.24143452E-01
   0.46000000E+02   0.23819952E-01
   0.47000000E+02   0.23507415E-01
   0.48000000E+02   0.23205871E-01
   0.49000000E+02   0.22915346E-01
   0.50000000E+02   0.22635868E-01
   0.51000000E+02   0.22367459E-01
   0.52000000E+02   0.22110117E-01
   0.53000000E+02   0.21863834E-01
   0.54000000E+02   0.21628603E-01
   0.55000000E+02   0.21404415E-01
   0.56000000E+02   0.21191262E-01
   0.57000000E+02   0.20989137E-01
   0.58000000E+02   0.20798032E-01
   0.59000000E+02   0.20617939E-01
   0.60000000E+02   0.20448850E-01
   0.61000000E+02   0.20290757E-01
   0.62000000E+02   0.20143649E-01
   0.63000000E+02   0.20007516E-01
   0.64000000E+02   0.19882347E-01
   0.65000000E+02   0.19768131E-01
   0.66000000E+02   0.19664857E-01
   0.67000000E+02   0.19572515E-01
   0.68000000E+02   0.19491094E-01
   0.69000000E+02   0.19420582E-01
   0.70000000E+02   0.19360970E-01
   0.71000000E+02   0.19312242E-01
   0.72000000E+02   0.19274371E-01
   0.73000000E+02   0.19247325E-01
   0.74000000E+02   0.19231072E-01
   0.75000000E+02   0.19225581E-01
   0.76000000E+02   0.19230820E-01
   0.77000000E+02   0.19246757E-01
   0.78000000E+02   0.19273360E-01
   0.79000000E+02   0.19310599E-01
   0.80000000E+02   0.19358440E-01
   0.81000000E+02   0.19416847E-01
   0.82000000E+02   0.19485751E-01
   0.83000000E+02   0.19565079E-01
   0.84000000E+02   0.19654758E-01
   0.85000000E+02   0.19754715E-01
   0.86000000E+02   0.19864874E-01
   0.87000000E+02   0.19985164E-01
   0.88000000E+02   0.20115510E-01
   0.89000000E+02   0.20255839E-01
   0.90000000E+02   0.20406077E-01
   0.91000000E+02   0.20566145E-01
   0.92000000E+02   0.20735944E-01
   0.93000000E+02   0.20915368E-01
   0.94000000E+02   0.21104314E-01
   0.95000000E+02   0.21302677E-01
   0.96000000E+02   0.21510351E-01
   0.97000000E+02   0.21727231E-01
   0.98000000E+02   0.21953214E-01
   0.99000000E+02   0.22188194E-01
   0.10000000E+03   0.22432066E-01
   0.10100000E+03   0.22684717E-01
   0.10200000E+03   0.22945997E-01
   0.10300000E+03   0.23215746E-01
   0.10400000E+03   0.23493805E-01
   0.10500000E+03   0.23780015E-01
   0.10600000E+03   0.24074217E-01
   0.10700000E+03   0.24376251E-01
   0.10800000E+03   0.24685960E-01
   0.10900000E+03   0.25003182E-01
   0.11000000E+03   0.25327760E-01
   0.11100000E+03   0.25659534E-01
   0.11200000E+03   0.25998345E-01
   0.11300000E+03   0.26344034E-01
   0.11400000E+03   0.26696442E-01
   0.11500000E+03   0.27055409E-01
   0.11600000E+03   0.27420776E-01
   0.11700000E+03   0.27792385E-01
   0.11800000E+03   0.28170076E-01
   0.11900000E+03   0.28553689E-01
   0.12000000E+03   0.28943067E-01
   0.12100000E+03   0.29338042E-01
   0.12200000E+03   0.29738422E-01
   0.12300000E+03   0.30144006E-01
   0.12400000E+03   0.30554593E-01
   0.12500000E+03   0.30969985E-01
   0.12600000E+03   0.31389981E-01
   0.12700000E+03   0.31814379E-01
   0.12800000E+03   0.32242982E-01
   0.12900000E+03   0.32675587E-01
   0.13000000E+03   0.33111995E-01
   0.13100000E+03   0.33552006E-01
   0.13200000E+03   0.33995420E-01
   0.13300000E+03   0.34442036E-01
   0.13400000E+03   0.34891654E-01
   0.13500000E+03   0.35344074E-01
   0.13600000E+03   0.35799095E-01
   0.13700000E+03   0.36256519E-01
   0.13800000E+03   0.36716144E-01
   0.13900000E+03   0.37177770E-01
   0.14000000E+03   0.37641197E-01
   0.14100000E+03   0.38106219E-01
   0.14200000E+03   0.38572606E-01
   0.14300000E+03   0.39040121E-01
   0.14400000E+03   0.39508529E-01
   0.14500000E+03   0.39977594E-01
   0.14600000E+03   0.40447079E-01
   0.14700000E+03   0.40916748E-01
   0.14800000E+03   0.41386366E-01
   0.14900000E+03   0.41855695E-01
   0.15000000E+03   0.42324501E-01
   0.15100000E+03   0.42792547E-01
   0.15200000E+03   0.43259597E-01
   0.15300000E+03   0.43725415E-01
   0.15400000E+03   0.44189764E-01
   0.15500000E+03   0.44652409E-01
   0.15600000E+03   0.45113114E-01
   0.15700000E+03   0.45571642E-01
   0.15800000E+03   0.46027757E-01
   0.15900000E+03   0.46481224E-01
   0.16000000E+03   0.46931806E-01
   0.16100000E+03   0.47379294E-01
   0.16200000E+03   0.47823580E-01
   0.16300000E+03   0.48264586E-01
   0.16400000E+03   0.48702232E-01
   0.16500000E+03   0.49136437E-01
   0.16600000E+03   0.49567122E-01
   0.16700000E+03   0.49994207E-01
   0.16800000E+03   0.50417612E-01
   0.16900000E+03   0.50837257E-01
   0.17000000E+03   0.51253062E-01
   0.17100000E+03   0.51664947E-01
   0.17200000E+03   0.52072833E-01
   0.17300000E+03   0.52476640E-01
   0.17400000E+03   0.52876288E-01
   0.17500000E+03   0.53271696E-01
   0.17600000E+03   0.53662785E-01
   0.17700000E+03   0.54049476E-01
   0.17800000E+03   0.54431687E-01
   0.17900000E+03   0.54809340E-01
   0.18000000E+03   0.55182355E-01
   0.18100000E+03   0.55550614E-01
   0.18200000E+03   0.55913852E-01
   0.18300000E+03   0.56271768E-01
   0.18400000E+03   0.56624059E-01
   0.18500000E+03   0.56970424E-01
   0.18600000E+03   0.57310559E-01
   0.18700000E+03   0.57644164E-01
   0.18800000E+03   0.57970935E-01
   0.18900000E+03   0.58290572E-01
   0.19000000E+03   0.58602771E-01
   0.19100000E+03   0.58907231E-01
   0.19200000E+03   0.59203649E-01
   0.19300000E+03   0.59491724E-01
   0.19400000E+03   0.59771154E-01
   0.19500000E+03   0.60041636E-01
   0.19600000E+03   0.60302867E-01
   0.19700000E+03   0.60554548E-01
   0.19800000E+03   0.60796374E-01
   0.19900000E+03   0.61028044E-01
   0.20000000E+03   0.61249256E-01
   0.20100000E+03   0.61459775E-01
   0.20200000E+03   0.61659640E-01
   0.20300000E+03   0.61848954E-01
   0.20400000E+03   0.62027822E-01
   0.20500000E+03   0.62196350E-01
   0.20600000E+03   0.62354642E-01
   0.20700000E+03   0.62502804E-01
   0.20800000E+03   0.62640940E-01
   0.20900000E+03   0.62769155E-01
   0.21000000E+03   0.62887554E-01
   0.21100000E+03   0.62996243E-01
   0.21200000E+03   0.63095325E-01
   0.21300000E+03   0.63184906E-01
   0.21400000E+03   0.63265091E-01
   0.21500000E+03   0.63335985E-01
   0.21600000E+03   0.63397693E-01
   0.21700000E+03   0.63450319E-01
   0.21800000E+03   0.63493968E-01
   0.21900000E+03   0.63528746E-01
   0.22000000E+03   0.63554758E-01
   0.22100000E+03   0.63572108E-01
   0.22200000E+03   0.63580901E-01
   0.22300000E+03   0.63581242E-01
   0.22400000E+03   0.63573236E-01
   0.22500000E+03   0.63556988E-01
   0.22600000E+03   0.63532590E-01
   0.22700000E+03   0.63500077E-01
   0.22800000E+03   0.63459473E-01
   0.22900000E+03   0.63410799E-01
   0.23000000E+03   0.63354079E-01
   0.23100000E+03   0.63289335E-01
   0.23200000E+03   0.63216590E-01
   0.23300000E+03   0.63135867E-01
   0.23400000E+03   0.63047188E-01
   0.23500000E+03   0.62950576E-01
   0.23600000E+03   0.62846054E-01
   0.23700000E+03   0.62733644E-01
   0.23800000E+03   0.62613368E-01
   0.23900000E+03   0.62485251E-01
   0.24000000E+03   0.62349313E-01
   0.24100000E+03   0.62205579E-01
   0.24200000E+03   0.62054070E-01
   0.24300000E+03   0.61894810E-01
   0.24400000E+03   0.61727820E-01
   0.24500000E+03   0.61553124E-01
   0.24600000E+03   0.61370744E-01
   0.24700000E+03   0.61180703E-01
   0.24800000E+03   0.60983024E-01
   0.24900000E+03   0.60777729E-01
   0.25000000E+03   0.60564840E-01
   0.25100000E+03   0.60344403E-01
   0.25200000E+03   0.60116545E-01
   0.25300000E+03   0.59881416E-01
   0.25400000E+03   0.59639166E-01
   0.25500000E+03   0.59389944E-01
   0.25600000E+03   0.59133901E-01
   0.25700000E+03   0.58871186E-01
   0.25800000E+03   0.58601949E-01
   0.25900000E+03   0.58326340E-01
   0.26000000E+03   0.58044508E-01
   0.26100000E+03   0.57756603E-01
   0.26200000E+03   0.57462776E-01
   0.26300000E+03   0.57163175E-01
   0.26400000E+03   0.56857950E-01
   0.26500000E+03   0.56547252E-01
   0.26600000E+03   0.56231230E-01
   0.26700000E+03   0.55910034E-01
   0.26800000E+03   0.55583813E-01
   0.26900000E+03   0.55252718E-01
   0.27000000E+03   0.54916897E-01
   0.27100000E+03   0.54576502E-01
   0.27200000E+03   0.54231681E-01
   0.27300000E+03   0.53882584E-01
   0.27400000E+03   0.53529362E-01
   0.27500000E+03   0.53172164E-01
   0.27600000E+03   0.52811145E-01
   0.27700000E+03   0.52446481E-01
   0.27800000E+03   0.52078356E-01
   0.27900000E+03   0.51706951E-01
   0.28000000E+03   0.51332448E-01
   0.28100000E+03   0.50955030E-01
   0.28200000E+03   0.50574879E-01
   0.28300000E+03   0.50192177E-01
   0.28400000E+03   0.49807107E-01
   0.28500000E+03   0.49419849E-01
   0.28600000E+03   0.49030588E-01
   0.28700000E+03   0.48639504E-01
   0.28800000E+03   0.48246781E-01
   0.28900000E+03   0.47852599E-01
   0.29000000E+03   0.47457142E-01
   0.29100000E+03   0.47060592E-01
   0.29200000E+03   0.46663131E-01
   0.29300000E+03   0.46264941E-01
   0.29400000E+03   0.45866204E-01
   0.29500000E+03   0.45467102E-01
   0.29600000E+03   0.45067818E-01
   0.29700000E+03   0.44668534E-01
   0.29800000E+03   0.44269432E-01
   0.29900000E+03   0.43870695E-01
   0.30000000E+03   0.43472504E-01
   0.30100000E+03   0.43075031E-01
   0.30200000E+03   0.42678405E-01
   0.30300000E+03   0.42282744E-01
   0.30400000E+03   0.41888168E-01
   0.30500000E+03   0.41494795E-01
   0.30600000E+03   0.41102743E-01
   0.30700000E+03   0.40712131E-01
   0.30800000E+03   0.40323078E-01
   0.30900000E+03   0.39935701E-01
   0.31000000E+03   0.39550120E-01
   0.31100000E+03   0.39166452E-01
   0.31200000E+03   0.38784817E-01
   0.31300000E+03   0.38405333E-01
   0.31400000E+03   0.38028119E-01
   0.31500000E+03   0.37653293E-01
   0.31600000E+03   0.37280973E-01
   0.31700000E+03   0.36911279E-01
   0.31800000E+03   0.36544328E-01
   0.31900000E+03   0.36180239E-01
   0.32000000E+03   0.35819131E-01
   0.32100000E+03   0.35461123E-01
   0.32200000E+03   0.35106332E-01
   0.32300000E+03   0.34754877E-01
   0.32400000E+03   0.34406877E-01
   0.32500000E+03   0.34062451E-01
   0.32600000E+03   0.33721716E-01
   0.32700000E+03   0.33384792E-01
   0.32800000E+03   0.33051797E-01
   0.32900000E+03   0.32722849E-01
   0.33000000E+03   0.32398068E-01
   0.33100000E+03   0.32077571E-01
   0.33200000E+03   0.31761477E-01
   0.33300000E+03   0.31449904E-01
   0.33400000E+03   0.31142972E-01
   0.33500000E+03   0.30840798E-01
   0.33600000E+03   0.30543502E-01
   0.33700000E+03   0.30251201E-01
   0.33800000E+03   0.29964015E-01
   0.33900000E+03   0.29682061E-01
   0.34000000E+03   0.29405459E-01
   0.34100000E+03   0.29134326E-01
   0.34200000E+03   0.28868782E-01
   0.34300000E+03   0.28608945E-01
   0.34400000E+03   0.28354933E-01
   0.34500000E+03   0.28106865E-01
   0.34600000E+03   0.27864859E-01
   0.34700000E+03   0.27629035E-01
   0.34800000E+03   0.27399510E-01
   0.34900000E+03   0.27176403E-01
   0.35000000E+03   0.26959833E-01
   0.35100000E+03   0.26749892E-01
   0.35200000E+03   0.26546572E-01
   0.35300000E+03   0.26349838E-01
   0.35400000E+03   0.26159654E-01
   0.35500000E+03   0.25975987E-01
   0.35600000E+03   0.25798801E-01
   0.35700000E+03   0.25628062E-01
   0.35800000E+03   0.25463736E-01
   0.35900000E+03   0.25305786E-01
   0.36000000E+03   0.25154180E-01
   0.36100000E+03   0.25008881E-01
   0.36200000E+03   0.24869856E-01
   0.36300000E+03   0.24737069E-01
   0.36400000E+03   0.24610486E-01
   0.36500000E+03   0.24490072E-01
   0.36600000E+03   0.24375793E-01
   0.36700000E+03   0.24267613E-01
   0.36800000E+03   0.24165499E-01
   0.36900000E+03   0.24069415E-01
   0.37000000E+03   0.23979326E-01
   0.37100000E+03   0.23895198E-01
   0.37200000E+03   0.23816996E-01
   0.37300000E+03   0.23744686E-01
   0.37400000E+03   0.23678232E-01
   0.37500000E+03   0.23617600E-01
   0.37600000E+03   0.23562756E-01
   0.37700000E+03   0.23513664E-01
   0.37800000E+03   0.23470290E-01
   0.37900000E+03   0.23432600E-01
   0.38000000E+03   0.23400557E-01
   0.38100000E+03   0.23374129E-01
   0.38200000E+03   0.23353279E-01
   0.38300000E+03   0.23337974E-01
   0.38400000E+03   0.23328178E-01
   0.38500000E+03   0.23323857E-01
   0.38600000E+03   0.23324976E-01
   0.38700000E+03   0.23331501E-01
   0.38800000E+03   0.23343397E-01
   0.38900000E+03   0.23360628E-01
   0.39000000E+03   0.23383161E-01
   0.39100000E+03   0.23410960E-01
   0.39200000E+03   0.23443991E-01
   0.39300000E+03   0.23482220E-01
   0.39400000E+03   0.23525611E-01
   0.39500000E+03   0.23574129E-01
   0.39600000E+03   0.23627741E-01
   0.39700000E+03   0.23686411E-01
   0.39800000E+03   0.23750104E-01
   0.39900000E+03   0.23818786E-01
   0.40000000E+03   0.23892423E-01
   0.40100000E+03   0.23970964E-01
   0.40200000E+03   0.24054304E-01
   0.40300000E+03   0.24142322E-01
   0.40400000E+03   0.24234896E-01
   0.40500000E+03   0.24331906E-01
   0.40600000E+03   0.24433230E-01
   0.40700000E+03   0.24538748E-01
   0.40800000E+03   0.24648338E-01
   0.40900000E+03   0.24761880E-01
   0.41000000E+03   0.24879253E-01
   0.41100000E+03   0.25000336E-01
   0.41200000E+03   0.25125007E-01
   0.41300000E+03   0.25253146E-01
   0.41400000E+03   0.25384632E-01
   0.41500000E+03   0.25519344E-01
   0.41600000E+03   0.25657160E-01
   0.41700000E+03   0.25797961E-01
   0.41800000E+03   0.25941625E-01
   0.41900000E+03   0.26088030E-01
   0.42000000E+03   0.26237056E-01
   0.42100000E+03   0.26388583E-01
   0.42200000E+03   0.26542488E-01
   0.42300000E+03   0.26698652E-01
   0.42400000E+03   0.26856953E-01
   0.42500000E+03   0.27017269E-01
   0.42600000E+03   0.27179481E-01
   0.42700000E+03   0.27343468E-01
   0.42800000E+03   0.27509107E-01
   0.42900000E+03   0.27676278E-01
   0.43000000E+03   0.27844861E-01
   0.43100000E+03   0.28014735E-01
   0.43200000E+03   0.28185777E-01
   0.43300000E+03   0.28357868E-01
   0.43400000E+03   0.28530886E-01
   0.43500000E+03   0.28704711E-01
   0.43600000E+03   0.28879221E-01
   0.43700000E+03   0.29054295E-01
   0.43800000E+03   0.29229814E-01
   0.43900000E+03   0.29405654E-01
   0.44000000E+03   0.29581696E-01
   0.44100000E+03   0.29757819E-01
   0.44200000E+03   0.29933901E-01
   0.44300000E+03   0.30109822E-01
   0.44400000E+03   0.30285461E-01
   0.44500000E+03   0.30460696E-01
   0.44600000E+03   0.30635408E-01
   0.44700000E+03   0.30809473E-01
   0.44800000E+03   0.30982773E-01
   0.44900000E+03   0.31155185E-01
   0.45000000E+03   0.31326590E-01
   0.45100000E+03   0.31496874E-01
   0.45200000E+03   0.31665965E-01
   0.45300000E+03   0.31833797E-01
   0.45400000E+03   0.32000307E-01
   0.45500000E+03   0.32165429E-01
   0.45600000E+03   0.32329098E-01
   0.45700000E+03   0.32491251E-01
   0.45800000E+03   0.32651822E-01
   0.45900000E+03   0.32810747E-01
   0.46000000E+03   0.32967961E-01
   0.46100000E+03   0.33123399E-01
   0.46200000E+03   0.33276998E-01
   0.46300000E+03   0.33428692E-01
   0.46400000E+03   0.33578417E-01
   0.46500000E+03   0.33726108E-01
   0.46600000E+03   0.33871700E-01
   0.46700000E+03   0.34015129E-01
   0.46800000E+03   0.34156330E-01
   0.46900000E+03   0.34295239E-01
   0.47000000E+03   0.34431791E-01
   0.47100000E+03   0.34565921E-01
   0.47200000E+03   0.34697565E-01
   0.47300000E+03   0.34826658E-01
   0.47400000E+03   0.34953135E-01
   0.47500000E+03   0.35076932E-01
   0.47600000E+03   0.35197984E-01
   0.47700000E+03   0.35316227E-01
   0.47800000E+03   0.35431596E-01
   0.47900000E+03   0.35544026E-01
   0.48000000E+03   0.35653453E-01
   0.48100000E+03   0.35759812E-01
   0.48200000E+03   0.35863038E-01
   0.48300000E+03   0.35963067E-01
   0.48400000E+03   0.36059834E-01
   0.48500000E+03   0.36153275E-01
   0.48600000E+03   0.36243324E-01
   0.48700000E+03   0.36329918E-01
   0.48800000E+03   0.36412992E-01
   0.48900000E+03   0.36492480E-01
   0.49000000E+03   0.36568319E-01
   0.49100000E+03   0.36640444E-01
   0.49200000E+03   0.36708790E-01
   0.49300000E+03   0.36773292E-01
   0.49400000E+03   0.36833886E-01
   0.49500000E+03   0.36890508E-01
   0.49600000E+03   0.36943092E-01
   0.49700000E+03   0.36991574E-01
   0.49800000E+03   0.37035889E-01
   0.49900000E+03   0.37075974E-01
   0.50000000E+03   0.37111762E-01
   0.50100000E+03   0.37143209E-01
   0.50200000E+03   0.37170343E-01
   0.50300000E+03   0.37193215E-01
   0.50400000E+03   0.37211871E-01
   0.50500000E+03   0.37226360E-01
   0.50600000E+03   0.37236732E-01
   0.50700000E+03   0.37243033E-01
   0.50800000E+03   0.37245314E-01
   0.50900000E+03   0.37243622E-01
   0.51000000E+03   0.37238006E-01
   0.51100000E+03   0.37228514E-01
   0.51200000E+03   0.37215195E-01
   0.51300000E+03   0.37198097E-01
   0.51400000E+03   0.37177270E-01
   0.51500000E+03   0.37152760E-01
   0.51600000E+03   0.37124617E-01
   0.51700000E+03   0.37092889E-01
   0.51800000E+03   0.37057625E-01
   0.51900000E+03   0.37018874E-01
   0.52000000E+03   0.36976682E-01
   0.52100000E+03   0.36931101E-01
   0.52200000E+03   0.36882176E-01
   0.52300000E+03   0.36829958E-01
   0.52400000E+03   0.36774495E-01
   0.52500000E+03   0.36715834E-01
   0.52600000E+03   0.36654025E-01
   0.52700000E+03   0.36589116E-01
   0.52800000E+03   0.36521156E-01
   0.52900000E+03   0.36450193E-01
   0.53000000E+03   0.36376275E-01
   0.53100000E+03   0.36299452E-01
   0.53200000E+03   0.36219770E-01
   0.53300000E+03   0.36137280E-01
   0.53400000E+03   0.36052029E-01
   0.53500000E+03   0.35964066E-01
   0.53600000E+03   0.35873440E-01
   0.53700000E+03   0.35780198E-01
   0.53800000E+03   0.35684390E-01
   0.53900000E+03   0.35586064E-01
   0.54000000E+03   0.35485268E-01
   0.54100000E+03   0.35382051E-01
   0.54200000E+03   0.35276461E-01
   0.54300000E+03   0.35168547E-01
   0.54400000E+03   0.35058357E-01
   0.54500000E+03   0.34945940E-01
   0.54600000E+03   0.34831344E-01
   0.54700000E+03   0.34714618E-01
   0.54800000E+03   0.34595811E-01
   0.54900000E+03   0.34474969E-01
   0.55000000E+03   0.34352144E-01
   0.55100000E+03   0.34227388E-01
   0.55200000E+03   0.34100782E-01
   0.55300000E+03   0.33972413E-01
   0.55400000E+03   0.33842366E-01
   0.55500000E+03   0.33710729E-01
   0.55600000E+03   0.33577588E-01
   0.55700000E+03   0.33443030E-01
   0.55800000E+03   0.33307140E-01
   0.55900000E+03   0.33170005E-01
   0.56000000E+03   0.33031711E-01
   0.56100000E+03   0.32892346E-01
   0.56200000E+03   0.32751995E-01
   0.56300000E+03   0.32610745E-01
   0.56400000E+03   0.32468683E-01
   0.56500000E+03   0.32325894E-01
   0.56600000E+03   0.32182465E-01
   0.56700000E+03   0.32038483E-01
   0.56800000E+03   0.31894034E-01
   0.56900000E+03   0.31749204E-01
   0.57000000E+03   0.31604081E-01
   0.57100000E+03   0.31458749E-01
   0.57200000E+03   0.31313297E-01
   0.57300000E+03   0.31167810E-01
   0.57400000E+03   0.31022374E-01
   0.57500000E+03   0.30877077E-01
   0.57600000E+03   0.30732004E-01
   0.57700000E+03   0.30587242E-01
   0.57800000E+03   0.30442877E-01
   0.57900000E+03   0.30298996E-01
   0.58000000E+03   0.30155686E-01
   0.58100000E+03   0.30013032E-01
   0.58200000E+03   0.29871122E-01
   0.58300000E+03   0.29730041E-01
   0.58400000E+03   0.29589876E-01
   0.58500000E+03   0.29450713E-01
   0.58600000E+03   0.29312639E-01
   0.58700000E+03   0.29175741E-01
   0.58800000E+03   0.29040104E-01
   0.58900000E+03   0.28905816E-01
   0.59000000E+03   0.28772962E-01
   0.59100000E+03   0.28641629E-01
   0.59200000E+03   0.28511904E-01
   0.59300000E+03   0.28383873E-01
   0.59400000E+03   0.28257622E-01
   0.59500000E+03   0.28133237E-01
   0.59600000E+03   0.28010806E-01
   0.59700000E+03   0.27890415E-01
   0.59800000E+03   0.27772150E-01
   0.59900000E+03   0.27656097E-01
   0.60000000E+03   0.27542343E-01
   0.60100000E+03   0.27430965E-01
   0.60200000E+03   0.27321994E-01
   0.60300000E+03   0.27215455E-01
   0.60400000E+03   0.27111371E-01
   0.60500000E+03   0.27009764E-01
   0.60600000E+03   0.26910657E-01
   0.60700000E+03   0.26814075E-01
   0.60800000E+03   0.26720038E-01
   0.60900000E+03   0.26628572E-01
   0.61000000E+03   0.26539698E-01
   0.61100000E+03   0.26453440E-01
   0.61200000E+03   0.26369821E-01
   0.61300000E+03   0.26288864E-01
   0.61400000E+03   0.26210591E-01
   0.61500000E+03   0.26135027E-01
   0.61600000E+03   0.26062193E-01
   0.61700000E+03   0.25992113E-01
   0.61800000E+03   0.25924810E-01
   0.61900000E+03   0.25860308E-01
   0.62000000E+03   0.25798628E-01
   0.62100000E+03   0.25739794E-01
   0.62200000E+03   0.25683830E-01
   0.62300000E+03   0.25630757E-01
   0.62400000E+03   0.25580600E-01
   0.62500000E+03   0.25533382E-01
   0.62600000E+03   0.25489124E-01
   0.62700000E+03   0.25447851E-01
   0.62800000E+03   0.25409585E-01
   0.62900000E+03   0.25374349E-01
   0.63000000E+03   0.25342167E-01
   0.63100000E+03   0.25313061E-01
   0.63200000E+03   0.25287055E-01
   0.63300000E+03   0.25264171E-01
   0.63400000E+03   0.25244433E-01
   0.63500000E+03   0.25227863E-01
   0.63600000E+03   0.25214485E-01
   0.63700000E+03   0.25204322E-01
   0.63800000E+03   0.25197397E-01
   0.63900000E+03   0.25193732E-01
   0.64000000E+03   0.25193350E-01
   0.64100000E+03   0.25196276E-01
   0.64200000E+03   0.25202532E-01
   0.64300000E+03   0.25212140E-01
   0.64400000E+03   0.25225124E-01
   0.64500000E+03   0.25241507E-01
   0.64600000E+03   0.25261312E-01
   0.64700000E+03   0.25284562E-01
   0.64800000E+03   0.25311281E-01
   0.64900000E+03   0.25341490E-01
   0.65000000E+03   0.25375213E-01
   0.65100000E+03   0.25412459E-01
   0.65200000E+03   0.25453181E-01
   0.65300000E+03   0.25497316E-01
   0.65400000E+03   0.25544802E-01
   0.65500000E+03   0.25595578E-01
   0.65600000E+03   0.25649582E-01
   0.65700000E+03   0.25706751E-01
   0.65800000E+03   0.25767024E-01
   0.65900000E+03   0.25830339E-01
   0.66000000E+03   0.25896635E-01
   0.66100000E+03   0.25965848E-01
   0.66200000E+03   0.26037918E-01
   0.66300000E+03   0.26112782E-01
   0.66400000E+03   0.26190378E-01
   0.66500000E+03   0.26270646E-01
   0.66600000E+03   0.26353521E-01
   0.66700000E+03   0.26438944E-01
   0.66800000E+03   0.26526852E-01
   0.66900000E+03   0.26617182E-01
   0.67000000E+03   0.26709874E-01
   0.67100000E+03   0.26804865E-01
   0.67200000E+03   0.26902093E-01
   0.67300000E+03   0.27001497E-01
   0.67400000E+03   0.27103014E-01
   0.67500000E+03   0.27206583E-01
   0.67600000E+03   0.27312142E-01
   0.67700000E+03   0.27419628E-01
   0.67800000E+03   0.27528980E-01
   0.67900000E+03   0.27640137E-01
   0.68000000E+03   0.27753035E-01
   0.68100000E+03   0.27867614E-01
   0.68200000E+03   0.27983811E-01
   0.68300000E+03   0.28101565E-01
   0.68400000E+03   0.28220813E-01
   0.68500000E+03   0.28341494E-01
   0.68600000E+03   0.28463546E-01
   0.68700000E+03   0.28586907E-01
   0.68800000E+03   0.28711514E-01
   0.68900000E+03   0.28837307E-01
   0.69000000E+03   0.28964223E-01
   0.69100000E+03   0.29092200E-01
   0.69200000E+03   0.29221177E-01
   0.69300000E+03   0.29351091E-01
   0.69400000E+03   0.29481880E-01
   0.69500000E+03   0.29613484E-01
   0.69600000E+03   0.29745839E-01
   0.69700000E+03   0.29878884E-01
   0.69800000E+03   0.30012557E-01
   0.69900000E+03   0.30146797E-01
   0.70000000E+03   0.30281540E-01
   0.70100000E+03   0.30416725E-01
   0.70200000E+03   0.30552284E-01
   0.70300000E+03   0.30688149E-01
   0.70400000E+03   0.30824252E-01
   0.70500000E+03   0.30960525E-01
   0.70600000E+03   0.31096900E-01
   0.70700000E+03   0.31233308E-01
   0.70800000E+03   0.31369682E-01
   0.70900000E+03   0.31505953E-01
   0.71000000E+03   0.31642053E-01
   0.71100000E+03   0.31777915E-01
   0.71200000E+03   0.31913469E-01
   0.71300000E+03   0.32048648E-01
   0.71400000E+03   0.32183384E-01
   0.71500000E+03   0.32317608E-01
   0.71600000E+03   0.32451253E-01
   0.71700000E+03   0.32584251E-01
   0.71800000E+03   0.32716532E-01
   0.71900000E+03   0.32848029E-01
   0.72000000E+03   0.32978675E-01
   0.72100000E+03   0.33108400E-01
   0.72200000E+03   0.33237137E-01
   0.72300000E+03   0.33364818E-01
   0.72400000E+03   0.33491374E-01
   0.72500000E+03   0.33616737E-01
   0.72600000E+03   0.33740840E-01
   0.72700000E+03   0.33863614E-01
   0.72800000E+03   0.33984990E-01
   0.72900000E+03   0.34104902E-01
   0.73000000E+03   0.34223280E-01
   0.73100000E+03   0.34340057E-01
   0.73200000E+03   0.34455164E-01
   0.73300000E+03   0.34568533E-01
   0.73400000E+03   0.34680097E-01
   0.73500000E+03   0.34789787E-01
   0.73600000E+03   0.34897535E-01
   0.73700000E+03   0.35003272E-01
   0.73800000E+03   0.35106931E-01
   0.73900000E+03   0.35208444E-01
   0.74000000E+03   0.35307743E-01
   0.74100000E+03   0.35404758E-01
   0.74200000E+03   0.35499423E-01
   0.74300000E+03   0.35591669E-01
   0.74400000E+03   0.35681428E-01
   0.74500000E+03   0.35768631E-01
   0.74600000E+03   0.35853212E-01
   0.74700000E+03   0.35935101E-01
   0.74800000E+03   0.36014230E-01
   0.74900000E+03   0.36090532E-01
   0.75000000E+03   0.36163938E-01
   0.75100000E+03   0.36234390E-01
   0.75200000E+03   0.36301870E-01
   0.75300000E+03   0.36366369E-01
   0.75400000E+03   0.36427880E-01
   0.75500000E+03   0.36486393E-01
   0.75600000E+03   0.36541902E-01
   0.75700000E+03   0.36594397E-01
   0.75800000E+03   0.36643871E-01
   0.75900000E+03   0.36690315E-01
   0.76000000E+03   0.36733720E-01
   0.76100000E+03   0.36774080E-01
   0.76200000E+03   0.36811384E-01
   0.76300000E+03   0.36845626E-01
   0.76400000E+03   0.36876797E-01
   0.76500000E+03   0.36904888E-01
   0.76600000E+03   0.36929892E-01
   0.76700000E+03   0.36951800E-01
   0.76800000E+03   0.36970604E-01
   0.76900000E+03   0.36986296E-01
   0.77000000E+03   0.36998867E-01
   0.77100000E+03   0.37008309E-01
   0.77200000E+03   0.37014615E-01
   0.77300000E+03   0.37017775E-01
   0.77400000E+03   0.37017781E-01
   0.77500000E+03   0.37014626E-01
   0.77600000E+03   0.37008300E-01
   0.77700000E+03   0.36998797E-01
   0.77800000E+03   0.36986107E-01
   0.77900000E+03   0.36970222E-01
   0.78000000E+03   0.36951134E-01
   0.78100000E+03   0.36928835E-01
   0.78200000E+03   0.36903317E-01
   0.78300000E+03   0.36874571E-01
   0.78400000E+03   0.36842589E-01
   0.78500000E+03   0.36807362E-01
   0.78600000E+03   0.36768884E-01
   0.78700000E+03   0.36727144E-01
   0.78800000E+03   0.36682136E-01
   0.78900000E+03   0.36633851E-01
   0.79000000E+03   0.36582280E-01
   0.79100000E+03   0.36527415E-01
   0.79200000E+03   0.36469249E-01
   0.79300000E+03   0.36407772E-01
   0.79400000E+03   0.36342977E-01
   0.79500000E+03   0.36274855E-01
   0.79600000E+03   0.36203399E-01
   0.79700000E+03   0.36128599E-01
   0.79800000E+03   0.36050448E-01
   0.79900000E+03   0.35968938E-01
   0.80000000E+03   0.35884060E-01
   0.80100000E+03   0.35795817E-01
   0.80200000E+03   0.35704258E-01
   0.80300000E+03   0.35609446E-01
   0.80400000E+03   0.35511440E-01
   0.80500000E+03   0.35410302E-01
   0.80600000E+03   0.35306093E-01
   0.80700000E+03   0.35198872E-01
   0.80800000E+03   0.35088702E-01
   0.80900000E+03   0.34975643E-01
   0.81000000E+03   0.34859757E-01
   0.81100000E+03   0.34741103E-01
   0.81200000E+03   0.34619743E-01
   0.81300000E+03   0.34495738E-01
   0.81400000E+03   0.34369149E-01
   0.81500000E+03   0.34240037E-01
   0.81600000E+03   0.34108462E-01
   0.81700000E+03   0.33974486E-01
   0.81800000E+03   0.33838169E-01
   0.81900000E+03   0.33699572E-01
   0.82000000E+03   0.33558756E-01
   0.82100000E+03   0.33415783E-01
   0.82200000E+03   0.33270713E-01
   0.82300000E+03   0.33123607E-01
   0.82400000E+03   0.32974525E-01
   0.82500000E+03   0.32823529E-01
   0.82600000E+03   0.32670680E-01
   0.82700000E+03   0.32516039E-01
   0.82800000E+03   0.32359666E-01
   0.82900000E+03   0.32201623E-01
   0.83000000E+03   0.32041970E-01
   0.83100000E+03   0.31880768E-01
   0.83200000E+03   0.31718078E-01
   0.83300000E+03   0.31553962E-01
   0.83400000E+03   0.31388479E-01
   0.83500000E+03   0.31221691E-01
   0.83600000E+03   0.31053659E-01
   0.83700000E+03   0.30884444E-01
   0.83800000E+03   0.30714106E-01
   0.83900000E+03   0.30542707E-01
   0.84000000E+03   0.30370308E-01
   0.84100000E+03   0.30196968E-01
   0.84200000E+03   0.30022750E-01
   0.84300000E+03   0.29847714E-01
   0.84400000E+03   0.29671922E-01
   0.84500000E+03   0.29495433E-01
   0.84600000E+03   0.29318309E-01
   0.84700000E+03   0.29140611E-01
   0.84800000E+03   0.28962400E-01
   0.84900000E+03   0.28783736E-01
   0.85000000E+03   0.28604681E-01
   0.85100000E+03   0.28425294E-01
   0.85200000E+03   0.28245633E-01
   0.85300000E+03   0.28065752E-01
   0.85400000E+03   0.27885707E-01
   0.85500000E+03   0.27705553E-01
   0.85600000E+03   0.27525347E-01
   0.85700000E+03   0.27345143E-01
   0.85800000E+03   0.27164998E-01
   0.85900000E+03   0.26984966E-01
   0.86000000E+03   0.26805103E-01
   0.86100000E+03   0.26625465E-01
   0.86200000E+03   0.26446107E-01
   0.86300000E+03   0.26267085E-01
   0.86400000E+03   0.26088455E-01
   0.86500000E+03   0.25910271E-01
   0.86600000E+03   0.25732589E-01
   0.86700000E+03   0.25555465E-01
   0.86800000E+03   0.25378955E-01
   0.86900000E+03   0.25203114E-01
   0.87000000E+03   0.25027997E-01
   0.87100000E+03   0.24853660E-01
   0.87200000E+03   0.24680158E-01
   0.87300000E+03   0.24507548E-01
   0.87400000E+03   0.24335884E-01
   0.87500000E+03   0.24165222E-01
   0.87600000E+03   0.23995617E-01
   0.87700000E+03   0.23827126E-01
   0.87800000E+03   0.23659804E-01
   0.87900000E+03   0.23493705E-01
   0.88000000E+03   0.23328887E-01
   0.88100000E+03   0.23165403E-01
   0.88200000E+03   0.23003310E-01
   0.88300000E+03   0.22842664E-01
   0.88400000E+03   0.22683519E-01
   0.88500000E+03   0.22525932E-01
   0.88600000E+03   0.22369957E-01
   0.88700000E+03   0.22215651E-01
   0.88800000E+03   0.22063069E-01
   0.88900000E+03   0.21912266E-01
   0.89000000E+03   0.21763298E-01
   0.89100000E+03   0.21616220E-01
   0.89200000E+03   0.21471089E-01
   0.89300000E+03   0.21327959E-01
   0.89400000E+03   0.21186886E-01
   0.89500000E+03   0.21047925E-01
   0.89600000E+03   0.20911133E-01
   0.89700000E+03   0.20776564E-01
   0.89800000E+03   0.20644274E-01
   0.89900000E+03   0.20514320E-01
   0.90000000E+03   0.20386755E-01
   0.90100000E+03   0.20261627E-01
   0.90200000E+03   0.20138944E-01
   0.90300000E+03   0.20018709E-01
   0.90400000E+03   0.19900920E-01
   0.90500000E+03   0.19785578E-01
   0.90600000E+03   0.19672685E-01
   0.90700000E+03   0.19562239E-01
   0.90800000E+03   0.19454241E-01
   0.90900000E+03   0.19348693E-01
   0.91000000E+03   0.19245593E-01
   0.91100000E+03   0.19144943E-01
   0.91200000E+03   0.19046744E-01
   0.91300000E+03   0.18950994E-01
   0.91400000E+03   0.18857695E-01
   0.91500000E+03   0.18766848E-01
   0.91600000E+03   0.18678452E-01
   0.91700000E+03   0.18592507E-01
   0.91800000E+03   0.18509015E-01
   0.91900000E+03   0.18427976E-01
   0.92000000E+03   0.18349390E-01
   0.92100000E+03   0.18273257E-01
   0.92200000E+03   0.18199578E-01
   0.92300000E+03   0.18128354E-01
   0.92400000E+03   0.18059584E-01
   0.92500000E+03   0.17993269E-01
   0.92600000E+03   0.17929409E-01
   0.92700000E+03   0.17868005E-01
   0.92800000E+03   0.17809057E-01
   0.92900000E+03   0.17752566E-01
   0.93000000E+03   0.17698532E-01
   0.93100000E+03   0.17646955E-01
   0.93200000E+03   0.17597836E-01
   0.93300000E+03   0.17551175E-01
   0.93400000E+03   0.17506972E-01
   0.93500000E+03   0.17465228E-01
   0.93600000E+03   0.17425944E-01
   0.93700000E+03   0.17389119E-01
   0.93800000E+03   0.17354754E-01
   0.93900000E+03   0.17322850E-01
   0.94000000E+03   0.17293406E-01
   0.94100000E+03   0.17266424E-01
   0.94200000E+03   0.17241903E-01
   0.94300000E+03   0.17219844E-01
   0.94400000E+03   0.17200248E-01
   0.94500000E+03   0.17183114E-01
   0.94600000E+03   0.17168443E-01
   0.94700000E+03   0.17156236E-01
   0.94800000E+03   0.17146493E-01
   0.94900000E+03   0.17139214E-01
   0.95000000E+03   0.17134400E-01
   0.95100000E+03   0.17132043E-01
   0.95200000E+03   0.17132106E-01
   0.95300000E+03   0.17134543E-01
   0.95400000E+03   0.17139308E-01
   0.95500000E+03   0.17146356E-01
   0.95600000E+03   0.17155642E-01
   0.95700000E+03   0.17167120E-01
   0.95800000E+03   0.17180744E-01
   0.95900000E+03   0.17196469E-01
   0.96000000E+03   0.17214249E-01
   0.96100000E+03   0.17234040E-01
   0.96200000E+03   0.17255794E-01
   0.96300000E+03   0.17279468E-01
   0.96400000E+03   0.17305015E-01
   0.96500000E+03   0.17332389E-01
   0.96600000E+03   0.17361546E-01
   0.96700000E+03   0.17392440E-01
   0.96800000E+03   0.17425025E-01
   0.96900000E+03   0.17459256E-01
   0.97000000E+03   0.17495087E-01
   0.97100000E+03   0.17532472E-01
   0.97200000E+03   0.17571367E-01
   0.97300000E+03   0.17611725E-01
   0.97400000E+03   0.17653502E-01
   0.97500000E+03   0.17696651E-01
   0.97600000E+03   0.17741127E-01
   0.97700000E+03   0.17786885E-01
   0.97800000E+03   0.17833879E-01
   0.97900000E+03   0.17882063E-01
   0.98000000E+03   0.17931393E-01
   0.98100000E+03   0.17981822E-01
   0.98200000E+03   0.18033305E-01
   0.98300000E+03   0.18085796E-01
   0.98400000E+03   0.18139250E-01
   0.98500000E+03   0.18193622E-01
   0.98600000E+03   0.18248866E-01
   0.98700000E+03   0.18304936E-01
   0.98800000E+03   0.18361787E-01
   0.98900000E+03   0.18419373E-01
   0.99000000E+03   0.18477649E-01
   0.99100000E+03   0.18536570E-01
   0.99200000E+03   0.18596089E-01
   0.99300000E+03   0.18656161E-01
   0.99400000E+03   0.18716742E-01
   0.99500000E+03   0.18777784E-01
   0.99600000E+03   0.18839243E-01
   0.99700000E+03   0.18901074E-01
   0.99800000E+03   0.18963230E-01
   0.99900000E+03   0.19025666E-01
   0.10000000E+04   0.19088337E-01
   0.10010000E+04   0.19151198E-01
   0.10020000E+04   0.19214210E-01
   0.10030000E+04   0.19277335E-01
   0.10040000E+04   0.19340533E-01
   0.10050000E+04   0.19403768E-01
   0.10060000E+04   0.19467000E-01
   0.10070000E+04   0.19530191E-01
   0.10080000E+04   0.19593303E-01
   0.10090000E+04   0.19656298E-01
   0.10100000E+04   0.19719137E-01
   0.10110000E+04   0.19781782E-01
   0.10120000E+04   0.19844195E-01
   0.10130000E+04   0.19906337E-01
   0.10140000E+04   0.19968170E-01
   0.10150000E+04   0.20029655E-01
   0.10160000E+04   0.20090755E-01
   0.10170000E+04   0.20151431E-01
   0.10180000E+04   0.20211645E-01
   0.10190000E+04   0.20271358E-01
   0.10200000E+04   0.20330532E-01
   0.10210000E+04   0.20389129E-01
   0.10220000E+04   0.20447110E-01
   0.10230000E+04   0.20504438E-01
   0.10240000E+04   0.20561073E-01
   0.10250000E+04   0.20616978E-01
   0.10260000E+04   0.20672114E-01
   0.10270000E+04   0.20726443E-01
   0.10280000E+04   0.20779926E-01
   0.10290000E+04   0.20832526E-01
   0.10300000E+04   0.20884203E-01
   0.10310000E+04   0.20934920E-01
   0.10320000E+04   0.20984638E-01
   0.10330000E+04   0.21033320E-01
   0.10340000E+04   0.21080925E-01
   0.10350000E+04   0.21127418E-01
   0.10360000E+04   0.21172758E-01
   0.10370000E+04   0.21216908E-01
   0.10380000E+04   0.21259829E-01
   0.10390000E+04   0.21301483E-01
   0.10400000E+04   0.21341832E-01
   0.10410000E+04   0.21380837E-01
   0.10420000E+04   0.21418461E-01
   0.10430000E+04   0.21454664E-01
   0.10440000E+04   0.21489408E-01
   0.10450000E+04   0.21522656E-01
   0.10460000E+04   0.21554369E-01
   0.10470000E+04   0.21584508E-01
   0.10480000E+04   0.21613035E-01
   0.10490000E+04   0.21639912E-01
   0.10500000E+04   0.21665101E-01
   0.10510000E+04   0.21688569E-01
   0.10520000E+04   0.21710315E-01
   0.10530000E+04   0.21730340E-01
   0.10540000E+04   0.21748648E-01
   0.10550000E+04   0.21765243E-01
   0.10560000E+04   0.21780128E-01
   0.10570000E+04   0.21793306E-01
   0.10580000E+04   0.21804781E-01
   0.10590000E+04   0.21814556E-01
   0.10600000E+04   0.21822634E-01
   0.10610000E+04   0.21829018E-01
   0.10620000E+04   0.21833713E-01
   0.10630000E+04   0.21836721E-01
   0.10640000E+04   0.21838045E-01
   0.10650000E+04   0.21837689E-01
   0.10660000E+04   0.21835657E-01
   0.10670000E+04   0.21831951E-01
   0.10680000E+04   0.21826575E-01
   0.10690000E+04   0.21819533E-01
   0.10700000E+04   0.21810827E-01
   0.10710000E+04   0.21800461E-01
   0.10720000E+04   0.21788438E-01
   0.10730000E+04   0.21774762E-01
   0.10740000E+04   0.21759436E-01
   0.10750000E+04   0.21742464E-01
   0.10760000E+04   0.21723848E-01
   0.10770000E+04   0.21703592E-01
   0.10780000E+04   0.21681699E-01
   0.10790000E+04   0.21658173E-01
   0.10800000E+04   0.21633017E-01
   0.10810000E+04   0.21606235E-01
   0.10820000E+04   0.21577829E-01
   0.10830000E+04   0.21547803E-01
   0.10840000E+04   0.21516161E-01
   0.10850000E+04   0.21482905E-01
   0.10860000E+04   0.21448039E-01
   0.10870000E+04   0.21411567E-01
   0.10880000E+04   0.21373491E-01
   0.10890000E+04   0.21333816E-01
   0.10900000E+04   0.21292544E-01
   0.10910000E+04   0.21249678E-01
   0.10920000E+04   0.21205223E-01
   0.10930000E+04   0.21159181E-01
   0.10940000E+04   0.21111556E-01
   0.10950000E+04   0.21062351E-01
   0.10960000E+04   0.21011570E-01
   0.10970000E+04   0.20959215E-01
   0.10980000E+04   0.20905290E-01
   0.10990000E+04   0.20849799E-01
   0.11000000E+04   0.20792744E-01
   0.11010000E+04   0.20734137E-01
   0.11020000E+04   0.20674014E-01
   0.11030000E+04   0.20612419E-01
   0.11040000E+04   0.20549398E-01
   0.11050000E+04   0.20484995E-01
   0.11060000E+04   0.20419253E-01
   0.11070000E+04   0.20352217E-01
   0.11080000E+04   0.20283932E-01
   0.11090000E+04   0.20214442E-01
   0.11100000E+04   0.20143791E-01
   0.11110000E+04   0.20072024E-01
   0.11120000E+04   0.19999184E-01
   0.11130000E+04   0.19925317E-01
   0.11140000E+04   0.19850467E-01
   0.11150000E+04   0.19774677E-01
   0.11160000E+04   0.19697993E-01
   0.11170000E+04   0.19620458E-01
   0.11180000E+04   0.19542117E-01
   0.11190000E+04   0.19463015E-01
   0.11200000E+04   0.19383195E-01
   0.11210000E+04   0.19302703E-01
   0.11220000E+04   0.19221582E-01
   0.11230000E+04   0.19139876E-01
   0.11240000E+04   0.19057630E-01
   0.11250000E+04   0.18974889E-01
   0.11260000E+04   0.18891697E-01
   0.11270000E+04   0.18808098E-01
   0.11280000E+04   0.18724136E-01
   0.11290000E+04   0.18639856E-01
   0.11300000E+04   0.18555302E-01
   0.11310000E+04   0.18470519E-01
   0.11320000E+04   0.18385550E-01
   0.11330000E+04   0.18300441E-01
   0.11340000E+04   0.18215235E-01
   0.11350000E+04   0.18129977E-01
   0.11360000E+04   0.18044711E-01
   0.11370000E+04   0.17959482E-01
   0.11380000E+04   0.17874333E-01
   0.11390000E+04   0.17789310E-01
   0.11400000E+04   0.17704456E-01
   0.11410000E+04   0.17619817E-01
   0.11420000E+04   0.17535435E-01
   0.11430000E+04   0.17451357E-01
   0.11440000E+04   0.17367625E-01
   0.11450000E+04   0.17284284E-01
   0.11460000E+04   0.17201379E-01
   0.11470000E+04   0.17118955E-01
   0.11480000E+04   0.17037054E-01
   0.11490000E+04   0.16955722E-01
   0.11500000E+04   0.16875003E-01
   0.11510000E+04   0.16794932E-01
   0.11520000E+04   0.16715506E-01
   0.11530000E+04   0.16636710E-01
   0.11540000E+04   0.16558532E-01
   0.11550000E+04   0.16480959E-01
   0.11560000E+04   0.16403978E-01
   0.11570000E+04   0.16327575E-01
   0.11580000E+04   0.16251738E-01
   0.11590000E+04   0.16176453E-01
   0.11600000E+04   0.16101706E-01
   0.11610000E+04   0.16027486E-01
   0.11620000E+04   0.15953778E-01
   0.11630000E+04   0.15880571E-01
   0.11640000E+04   0.15807849E-01
   0.11650000E+04   0.15735601E-01
   0.11660000E+04   0.15663813E-01
   0.11670000E+04   0.15592472E-01
   0.11680000E+04   0.15521565E-01
   0.11690000E+04   0.15451078E-01
   0.11700000E+04   0.15381000E-01
   0.11710000E+04   0.15311315E-01
   0.11720000E+04   0.15242012E-01
   0.11730000E+04   0.15173077E-01
   0.11740000E+04   0.15104497E-01
   0.11750000E+04   0.15036259E-01
   0.11760000E+04   0.14968350E-01
   0.11770000E+04   0.14900756E-01
   0.11780000E+04   0.14833464E-01
   0.11790000E+04   0.14766462E-01
   0.11800000E+04   0.14699736E-01
   0.11810000E+04   0.14633273E-01
   0.11820000E+04   0.14567059E-01
   0.11830000E+04   0.14501082E-01
   0.11840000E+04   0.14435329E-01
   0.11850000E+04   0.14369786E-01
   0.11860000E+04   0.14304441E-01
   0.11870000E+04   0.14239279E-01
   0.11880000E+04   0.14174288E-01
   0.11890000E+04   0.14109455E-01
   0.11900000E+04   0.14044767E-01
   0.11910000E+04   0.13980210E-01
   0.11920000E+04   0.13915772E-01
   0.11930000E+04   0.13851439E-01
   0.11940000E+04   0.13787197E-01
   0.11950000E+04   0.13723035E-01
   0.11960000E+04   0.13658938E-01
   0.11970000E+04   0.13594894E-01
   0.11980000E+04   0.13530890E-01
   0.11990000E+04   0.13466911E-01
   0.12000000E+04   0.13402946E-01
