   0.20000000E+01   0.87260567E-01
   0.30000000E+01   0.57669881E-01
   0.40000000E+01   0.40000000E-01
   0.50000000E+01   0.36193037E-01
   0.60000000E+01   0.40000000E-01
   0.70000000E+01   0.44649313E-01
   0.80000000E+01   0.47355267E-01
   0.90000000E+01   0.47024588E-01
   0.10000000E+02   0.45347867E-01
   0.11000000E+02   0.44212437E-01
   0.12000000E+02   0.43508721E-01
   0.13000000E+02   0.42742888E-01
   0.14000000E+02   0.41880993E-01
   0.15000000E+02   0.41004064E-01
   0.16000000E+02   0.40177761E-01
   0.17000000E+02   0.39406281E-01
   0.18000000E+02   0.38678457E-01
   0.19000000E+02   0.37983119E-01
   0.20000000E+02   0.37309099E-01
   0.21000000E+02   0.36647184E-01
   0.22000000E+02   0.35995974E-01
   0.23000000E+02   0.35356028E-01
   0.24000000E+02   0.34727900E-01
   0.25000000E+02   0.34112149E-01
   0.26000000E+02   0.33509329E-01
   0.27000000E+02   0.32919998E-01
   0.28000000E+02   0.32344712E-01
   0.29000000E+02   0.31784027E-01
   0.30000000E+02   0.31238501E-01
   0.31000000E+02   0.30708524E-01
   0.32000000E+02   0.30193835E-01
   0.33000000E+02   0.29694006E-01
   0.34000000E+02   0.29208610E-01
   0.35000000E+02   0.28737219E-01
   0.36000000E+02   0.28279407E-01
   0.37000000E+02   0.27834746E-01
   0.38000000E+02   0.27402808E-01
   0.39000000E+02   0.26983168E-01
   0.40000000E+02   0.26575397E-01
   0.41000000E+02   0.26179146E-01
   0.42000000E+02   0.25794373E-01
   0.43000000E+02   0.25421117E-01
   0.44000000E+02   0.25059412E-01
   0.45000000E+02   0.24709296E-01
   0.46000000E+02   0.24370805E-01
   0.47000000E+02   0.24043977E-01
   0.48000000E+02   0.23728846E-01
   0.49000000E+02   0.23425451E-01
   0.50000000E+02   0.23133827E-01
   0.51000000E+02   0.22853996E-01
   0.52000000E+02   0.22585918E-01
   0.53000000E+02   0.22329539E-01
   0.54000000E+02   0.22084803E-01
   0.55000000E+02   0.21851657E-01
   0.56000000E+02   0.21630045E-01
   0.57000000E+02   0.21419912E-01
   0.58000000E+02   0.21221204E-01
   0.59000000E+02   0.21033865E-01
   0.60000000E+02   0.20857842E-01
   0.61000000E+02   0.20693086E-01
   0.62000000E+02   0.20539576E-01
   0.63000000E+02   0.20397301E-01
   0.64000000E+02   0.20266247E-01
   0.65000000E+02   0.20146401E-01
   0.66000000E+02   0.20037750E-01
   0.67000000E+02   0.19940281E-01
   0.68000000E+02   0.19853980E-01
   0.69000000E+02   0.19778835E-01
   0.70000000E+02   0.19714832E-01
   0.71000000E+02   0.19661952E-01
   0.72000000E+02   0.19620152E-01
   0.73000000E+02   0.19589381E-01
   0.74000000E+02   0.19569587E-01
   0.75000000E+02   0.19560722E-01
   0.76000000E+02   0.19562735E-01
   0.77000000E+02   0.19575575E-01
   0.78000000E+02   0.19599193E-01
   0.79000000E+02   0.19633537E-01
   0.80000000E+02   0.19678557E-01
   0.81000000E+02   0.19734200E-01
   0.82000000E+02   0.19800393E-01
   0.83000000E+02   0.19877062E-01
   0.84000000E+02   0.19964131E-01
   0.85000000E+02   0.20061526E-01
   0.86000000E+02   0.20169171E-01
   0.87000000E+02   0.20286990E-01
   0.88000000E+02   0.20414909E-01
   0.89000000E+02   0.20552853E-01
   0.90000000E+02   0.20700745E-01
   0.91000000E+02   0.20858507E-01
   0.92000000E+02   0.21026036E-01
   0.93000000E+02   0.21203228E-01
   0.94000000E+02   0.21389975E-01
   0.95000000E+02   0.21586173E-01
   0.96000000E+02   0.21791715E-01
   0.97000000E+02   0.22006496E-01
   0.98000000E+02   0.22230408E-01
   0.99000000E+02   0.22463348E-01
   0.10000000E+03   0.22705207E-01
   0.10100000E+03   0.22955874E-01
   0.10200000E+03   0.23215204E-01
   0.10300000E+03   0.23483047E-01
   0.10400000E+03   0.23759251E-01
   0.10500000E+03   0.24043665E-01
   0.10600000E+03   0.24336138E-01
   0.10700000E+03   0.24636518E-01
   0.10800000E+03   0.24944656E-01
   0.10900000E+03   0.25260399E-01
   0.11000000E+03   0.25583597E-01
   0.11100000E+03   0.25914099E-01
   0.11200000E+03   0.26251752E-01
   0.11300000E+03   0.26596407E-01
   0.11400000E+03   0.26947912E-01
   0.11500000E+03   0.27306116E-01
   0.11600000E+03   0.27670868E-01
   0.11700000E+03   0.28042017E-01
   0.11800000E+03   0.28419412E-01
   0.11900000E+03   0.28802901E-01
   0.12000000E+03   0.29192334E-01
   0.12100000E+03   0.29587549E-01
   0.12200000E+03   0.29988352E-01
   0.12300000E+03   0.30394535E-01
   0.12400000E+03   0.30805894E-01
   0.12500000E+03   0.31222222E-01
   0.12600000E+03   0.31643315E-01
   0.12700000E+03   0.32068965E-01
   0.12800000E+03   0.32498968E-01
   0.12900000E+03   0.32933117E-01
   0.13000000E+03   0.33371208E-01
   0.13100000E+03   0.33813034E-01
   0.13200000E+03   0.34258389E-01
   0.13300000E+03   0.34707069E-01
   0.13400000E+03   0.35158866E-01
   0.13500000E+03   0.35613577E-01
   0.13600000E+03   0.36070994E-01
   0.13700000E+03   0.36530912E-01
   0.13800000E+03   0.36993126E-01
   0.13900000E+03   0.37457429E-01
   0.14000000E+03   0.37923617E-01
   0.14100000E+03   0.38391484E-01
   0.14200000E+03   0.38860829E-01
   0.14300000E+03   0.39331454E-01
   0.14400000E+03   0.39803158E-01
   0.14500000E+03   0.40275742E-01
   0.14600000E+03   0.40749006E-01
   0.14700000E+03   0.41222751E-01
   0.14800000E+03   0.41696778E-01
   0.14900000E+03   0.42170885E-01
   0.15000000E+03   0.42644875E-01
   0.15100000E+03   0.43118547E-01
   0.15200000E+03   0.43591702E-01
   0.15300000E+03   0.44064140E-01
   0.15400000E+03   0.44535661E-01
   0.15500000E+03   0.45006066E-01
   0.15600000E+03   0.45475155E-01
   0.15700000E+03   0.45942730E-01
   0.15800000E+03   0.46408589E-01
   0.15900000E+03   0.46872534E-01
   0.16000000E+03   0.47334364E-01
   0.16100000E+03   0.47793883E-01
   0.16200000E+03   0.48250897E-01
   0.16300000E+03   0.48705218E-01
   0.16400000E+03   0.49156653E-01
   0.16500000E+03   0.49605015E-01
   0.16600000E+03   0.50050111E-01
   0.16700000E+03   0.50491752E-01
   0.16800000E+03   0.50929748E-01
   0.16900000E+03   0.51363908E-01
   0.17000000E+03   0.51794042E-01
   0.17100000E+03   0.52219960E-01
   0.17200000E+03   0.52641472E-01
   0.17300000E+03   0.53058386E-01
   0.17400000E+03   0.53470515E-01
   0.17500000E+03   0.53877666E-01
   0.17600000E+03   0.54279649E-01
   0.17700000E+03   0.54676275E-01
   0.17800000E+03   0.55067353E-01
   0.17900000E+03   0.55452694E-01
   0.18000000E+03   0.55832105E-01
   0.18100000E+03   0.56205413E-01
   0.18200000E+03   0.56572497E-01
   0.18300000E+03   0.56933253E-01
   0.18400000E+03   0.57287576E-01
   0.18500000E+03   0.57635361E-01
   0.18600000E+03   0.57976503E-01
   0.18700000E+03   0.58310898E-01
   0.18800000E+03   0.58638441E-01
   0.18900000E+03   0.58959026E-01
   0.19000000E+03   0.59272550E-01
   0.19100000E+03   0.59578907E-01
   0.19200000E+03   0.59877992E-01
   0.19300000E+03   0.60169702E-01
   0.19400000E+03   0.60453930E-01
   0.19500000E+03   0.60730572E-01
   0.19600000E+03   0.60999523E-01
   0.19700000E+03   0.61260679E-01
   0.19800000E+03   0.61513934E-01
   0.19900000E+03   0.61759184E-01
   0.20000000E+03   0.61996325E-01
   0.20100000E+03   0.62225260E-01
   0.20200000E+03   0.62445935E-01
   0.20300000E+03   0.62658306E-01
   0.20400000E+03   0.62862327E-01
   0.20500000E+03   0.63057954E-01
   0.20600000E+03   0.63245141E-01
   0.20700000E+03   0.63423844E-01
   0.20800000E+03   0.63594017E-01
   0.20900000E+03   0.63755616E-01
   0.21000000E+03   0.63908596E-01
   0.21100000E+03   0.64052911E-01
   0.21200000E+03   0.64188517E-01
   0.21300000E+03   0.64315370E-01
   0.21400000E+03   0.64433423E-01
   0.21500000E+03   0.64542632E-01
   0.21600000E+03   0.64642953E-01
   0.21700000E+03   0.64734339E-01
   0.21800000E+03   0.64816747E-01
   0.21900000E+03   0.64890131E-01
   0.22000000E+03   0.64954447E-01
   0.22100000E+03   0.65009649E-01
   0.22200000E+03   0.65055692E-01
   0.22300000E+03   0.65092532E-01
   0.22400000E+03   0.65120124E-01
   0.22500000E+03   0.65138422E-01
   0.22600000E+03   0.65147403E-01
   0.22700000E+03   0.65147124E-01
   0.22800000E+03   0.65137663E-01
   0.22900000E+03   0.65119100E-01
   0.23000000E+03   0.65091512E-01
   0.23100000E+03   0.65054979E-01
   0.23200000E+03   0.65009578E-01
   0.23300000E+03   0.64955388E-01
   0.23400000E+03   0.64892488E-01
   0.23500000E+03   0.64820955E-01
   0.23600000E+03   0.64740869E-01
   0.23700000E+03   0.64652308E-01
   0.23800000E+03   0.64555351E-01
   0.23900000E+03   0.64450075E-01
   0.24000000E+03   0.64336560E-01
   0.24100000E+03   0.64214883E-01
   0.24200000E+03   0.64085124E-01
   0.24300000E+03   0.63947360E-01
   0.24400000E+03   0.63801671E-01
   0.24500000E+03   0.63648134E-01
   0.24600000E+03   0.63486829E-01
   0.24700000E+03   0.63317833E-01
   0.24800000E+03   0.63141226E-01
   0.24900000E+03   0.62957085E-01
   0.25000000E+03   0.62765488E-01
   0.25100000E+03   0.62566524E-01
   0.25200000E+03   0.62360308E-01
   0.25300000E+03   0.62146967E-01
   0.25400000E+03   0.61926626E-01
   0.25500000E+03   0.61699410E-01
   0.25600000E+03   0.61465446E-01
   0.25700000E+03   0.61224858E-01
   0.25800000E+03   0.60977772E-01
   0.25900000E+03   0.60724314E-01
   0.26000000E+03   0.60464608E-01
   0.26100000E+03   0.60198781E-01
   0.26200000E+03   0.59926959E-01
   0.26300000E+03   0.59649265E-01
   0.26400000E+03   0.59365827E-01
   0.26500000E+03   0.59076770E-01
   0.26600000E+03   0.58782218E-01
   0.26700000E+03   0.58482298E-01
   0.26800000E+03   0.58177135E-01
   0.26900000E+03   0.57866854E-01
   0.27000000E+03   0.57551582E-01
   0.27100000E+03   0.57231443E-01
   0.27200000E+03   0.56906564E-01
   0.27300000E+03   0.56577068E-01
   0.27400000E+03   0.56243083E-01
   0.27500000E+03   0.55904734E-01
   0.27600000E+03   0.55562154E-01
   0.27700000E+03   0.55215514E-01
   0.27800000E+03   0.54864993E-01
   0.27900000E+03   0.54510769E-01
   0.28000000E+03   0.54153020E-01
   0.28100000E+03   0.53791927E-01
   0.28200000E+03   0.53427666E-01
   0.28300000E+03   0.53060418E-01
   0.28400000E+03   0.52690360E-01
   0.28500000E+03   0.52317672E-01
   0.28600000E+03   0.51942531E-01
   0.28700000E+03   0.51565118E-01
   0.28800000E+03   0.51185610E-01
   0.28900000E+03   0.50804186E-01
   0.29000000E+03   0.50421025E-01
   0.29100000E+03   0.50036306E-01
   0.29200000E+03   0.49650207E-01
   0.29300000E+03   0.49262908E-01
   0.29400000E+03   0.48874585E-01
   0.29500000E+03   0.48485420E-01
   0.29600000E+03   0.48095589E-01
   0.29700000E+03   0.47705273E-01
   0.29800000E+03   0.47314648E-01
   0.29900000E+03   0.46923895E-01
   0.30000000E+03   0.46533193E-01
   0.30100000E+03   0.46142709E-01
   0.30200000E+03   0.45752578E-01
   0.30300000E+03   0.45362925E-01
   0.30400000E+03   0.44973872E-01
   0.30500000E+03   0.44585544E-01
   0.30600000E+03   0.44198066E-01
   0.30700000E+03   0.43811561E-01
   0.30800000E+03   0.43426153E-01
   0.30900000E+03   0.43041967E-01
   0.31000000E+03   0.42659126E-01
   0.31100000E+03   0.42277755E-01
   0.31200000E+03   0.41897978E-01
   0.31300000E+03   0.41519919E-01
   0.31400000E+03   0.41143702E-01
   0.31500000E+03   0.40769451E-01
   0.31600000E+03   0.40397291E-01
   0.31700000E+03   0.40027344E-01
   0.31800000E+03   0.39659737E-01
   0.31900000E+03   0.39294592E-01
   0.32000000E+03   0.38932033E-01
   0.32100000E+03   0.38572186E-01
   0.32200000E+03   0.38215173E-01
   0.32300000E+03   0.37861120E-01
   0.32400000E+03   0.37510149E-01
   0.32500000E+03   0.37162386E-01
   0.32600000E+03   0.36817954E-01
   0.32700000E+03   0.36476978E-01
   0.32800000E+03   0.36139582E-01
   0.32900000E+03   0.35805889E-01
   0.33000000E+03   0.35476023E-01
   0.33100000E+03   0.35150110E-01
   0.33200000E+03   0.34828273E-01
   0.33300000E+03   0.34510636E-01
   0.33400000E+03   0.34197323E-01
   0.33500000E+03   0.33888458E-01
   0.33600000E+03   0.33584166E-01
   0.33700000E+03   0.33284571E-01
   0.33800000E+03   0.32989796E-01
   0.33900000E+03   0.32699966E-01
   0.34000000E+03   0.32415205E-01
   0.34100000E+03   0.32135637E-01
   0.34200000E+03   0.31861386E-01
   0.34300000E+03   0.31592576E-01
   0.34400000E+03   0.31329331E-01
   0.34500000E+03   0.31071776E-01
   0.34600000E+03   0.30820035E-01
   0.34700000E+03   0.30574231E-01
   0.34800000E+03   0.30334489E-01
   0.34900000E+03   0.30100932E-01
   0.35000000E+03   0.29873686E-01
   0.35100000E+03   0.29652849E-01
   0.35200000E+03   0.29438423E-01
   0.35300000E+03   0.29230385E-01
   0.35400000E+03   0.29028710E-01
   0.35500000E+03   0.28833376E-01
   0.35600000E+03   0.28644360E-01
   0.35700000E+03   0.28461637E-01
   0.35800000E+03   0.28285186E-01
   0.35900000E+03   0.28114981E-01
   0.36000000E+03   0.27951001E-01
   0.36100000E+03   0.27793222E-01
   0.36200000E+03   0.27641619E-01
   0.36300000E+03   0.27496171E-01
   0.36400000E+03   0.27356854E-01
   0.36500000E+03   0.27223643E-01
   0.36600000E+03   0.27096517E-01
   0.36700000E+03   0.26975452E-01
   0.36800000E+03   0.26860423E-01
   0.36900000E+03   0.26751409E-01
   0.37000000E+03   0.26648386E-01
   0.37100000E+03   0.26551329E-01
   0.37200000E+03   0.26460217E-01
   0.37300000E+03   0.26375025E-01
   0.37400000E+03   0.26295731E-01
   0.37500000E+03   0.26222310E-01
   0.37600000E+03   0.26154740E-01
   0.37700000E+03   0.26092998E-01
   0.37800000E+03   0.26037059E-01
   0.37900000E+03   0.25986901E-01
   0.38000000E+03   0.25942500E-01
   0.38100000E+03   0.25903833E-01
   0.38200000E+03   0.25870877E-01
   0.38300000E+03   0.25843608E-01
   0.38400000E+03   0.25822003E-01
   0.38500000E+03   0.25806038E-01
   0.38600000E+03   0.25795690E-01
   0.38700000E+03   0.25790937E-01
   0.38800000E+03   0.25791754E-01
   0.38900000E+03   0.25798118E-01
   0.39000000E+03   0.25810006E-01
   0.39100000E+03   0.25827394E-01
   0.39200000E+03   0.25850260E-01
   0.39300000E+03   0.25878579E-01
   0.39400000E+03   0.25912329E-01
   0.39500000E+03   0.25951487E-01
   0.39600000E+03   0.25996028E-01
   0.39700000E+03   0.26045929E-01
   0.39800000E+03   0.26101168E-01
   0.39900000E+03   0.26161720E-01
   0.40000000E+03   0.26227563E-01
   0.40100000E+03   0.26298657E-01
   0.40200000E+03   0.26374900E-01
   0.40300000E+03   0.26456172E-01
   0.40400000E+03   0.26542356E-01
   0.40500000E+03   0.26633333E-01
   0.40600000E+03   0.26728983E-01
   0.40700000E+03   0.26829190E-01
   0.40800000E+03   0.26933833E-01
   0.40900000E+03   0.27042794E-01
   0.41000000E+03   0.27155955E-01
   0.41100000E+03   0.27273196E-01
   0.41200000E+03   0.27394401E-01
   0.41300000E+03   0.27519449E-01
   0.41400000E+03   0.27648222E-01
   0.41500000E+03   0.27780602E-01
   0.41600000E+03   0.27916470E-01
   0.41700000E+03   0.28055707E-01
   0.41800000E+03   0.28198195E-01
   0.41900000E+03   0.28343815E-01
   0.42000000E+03   0.28492449E-01
   0.42100000E+03   0.28643977E-01
   0.42200000E+03   0.28798282E-01
   0.42300000E+03   0.28955245E-01
   0.42400000E+03   0.29114747E-01
   0.42500000E+03   0.29276669E-01
   0.42600000E+03   0.29440893E-01
   0.42700000E+03   0.29607300E-01
   0.42800000E+03   0.29775772E-01
   0.42900000E+03   0.29946190E-01
   0.43000000E+03   0.30118436E-01
   0.43100000E+03   0.30292390E-01
   0.43200000E+03   0.30467935E-01
   0.43300000E+03   0.30644951E-01
   0.43400000E+03   0.30823320E-01
   0.43500000E+03   0.31002924E-01
   0.43600000E+03   0.31183643E-01
   0.43700000E+03   0.31365360E-01
   0.43800000E+03   0.31547955E-01
   0.43900000E+03   0.31731310E-01
   0.44000000E+03   0.31915306E-01
   0.44100000E+03   0.32099825E-01
   0.44200000E+03   0.32284748E-01
   0.44300000E+03   0.32469957E-01
   0.44400000E+03   0.32655333E-01
   0.44500000E+03   0.32840757E-01
   0.44600000E+03   0.33026110E-01
   0.44700000E+03   0.33211275E-01
   0.44800000E+03   0.33396132E-01
   0.44900000E+03   0.33580563E-01
   0.45000000E+03   0.33764449E-01
   0.45100000E+03   0.33947679E-01
   0.45200000E+03   0.34130170E-01
   0.45300000E+03   0.34311844E-01
   0.45400000E+03   0.34492627E-01
   0.45500000E+03   0.34672442E-01
   0.45600000E+03   0.34851212E-01
   0.45700000E+03   0.35028862E-01
   0.45800000E+03   0.35205315E-01
   0.45900000E+03   0.35380495E-01
   0.46000000E+03   0.35554326E-01
   0.46100000E+03   0.35726732E-01
   0.46200000E+03   0.35897637E-01
   0.46300000E+03   0.36066964E-01
   0.46400000E+03   0.36234637E-01
   0.46500000E+03   0.36400580E-01
   0.46600000E+03   0.36564717E-01
   0.46700000E+03   0.36726972E-01
   0.46800000E+03   0.36887268E-01
   0.46900000E+03   0.37045529E-01
   0.47000000E+03   0.37201679E-01
   0.47100000E+03   0.37355643E-01
   0.47200000E+03   0.37507343E-01
   0.47300000E+03   0.37656703E-01
   0.47400000E+03   0.37803648E-01
   0.47500000E+03   0.37948101E-01
   0.47600000E+03   0.38089986E-01
   0.47700000E+03   0.38229226E-01
   0.47800000E+03   0.38365746E-01
   0.47900000E+03   0.38499470E-01
   0.48000000E+03   0.38630321E-01
   0.48100000E+03   0.38758223E-01
   0.48200000E+03   0.38883099E-01
   0.48300000E+03   0.39004875E-01
   0.48400000E+03   0.39123472E-01
   0.48500000E+03   0.39238816E-01
   0.48600000E+03   0.39350830E-01
   0.48700000E+03   0.39459438E-01
   0.48800000E+03   0.39564564E-01
   0.48900000E+03   0.39666131E-01
   0.49000000E+03   0.39764064E-01
   0.49100000E+03   0.39858285E-01
   0.49200000E+03   0.39948720E-01
   0.49300000E+03   0.40035291E-01
   0.49400000E+03   0.40117923E-01
   0.49500000E+03   0.40196539E-01
   0.49600000E+03   0.40271064E-01
   0.49700000E+03   0.40341420E-01
   0.49800000E+03   0.40407533E-01
   0.49900000E+03   0.40469325E-01
   0.50000000E+03   0.40526720E-01
   0.50100000E+03   0.40579661E-01
   0.50200000E+03   0.40628166E-01
   0.50300000E+03   0.40672271E-01
   0.50400000E+03   0.40712011E-01
   0.50500000E+03   0.40747423E-01
   0.50600000E+03   0.40778542E-01
   0.50700000E+03   0.40805407E-01
   0.50800000E+03   0.40828051E-01
   0.50900000E+03   0.40846512E-01
   0.51000000E+03   0.40860825E-01
   0.51100000E+03   0.40871027E-01
   0.51200000E+03   0.40877154E-01
   0.51300000E+03   0.40879242E-01
   0.51400000E+03   0.40877327E-01
   0.51500000E+03   0.40871445E-01
   0.51600000E+03   0.40861633E-01
   0.51700000E+03   0.40847926E-01
   0.51800000E+03   0.40830361E-01
   0.51900000E+03   0.40808974E-01
   0.52000000E+03   0.40783801E-01
   0.52100000E+03   0.40754879E-01
   0.52200000E+03   0.40722242E-01
   0.52300000E+03   0.40685928E-01
   0.52400000E+03   0.40645973E-01
   0.52500000E+03   0.40602412E-01
   0.52600000E+03   0.40555282E-01
   0.52700000E+03   0.40504619E-01
   0.52800000E+03   0.40450460E-01
   0.52900000E+03   0.40392840E-01
   0.53000000E+03   0.40331795E-01
   0.53100000E+03   0.40267362E-01
   0.53200000E+03   0.40199576E-01
   0.53300000E+03   0.40128475E-01
   0.53400000E+03   0.40054094E-01
   0.53500000E+03   0.39976468E-01
   0.53600000E+03   0.39895636E-01
   0.53700000E+03   0.39811631E-01
   0.53800000E+03   0.39724491E-01
   0.53900000E+03   0.39634253E-01
   0.54000000E+03   0.39540951E-01
   0.54100000E+03   0.39444622E-01
   0.54200000E+03   0.39345302E-01
   0.54300000E+03   0.39243028E-01
   0.54400000E+03   0.39137835E-01
   0.54500000E+03   0.39029760E-01
   0.54600000E+03   0.38918838E-01
   0.54700000E+03   0.38805107E-01
   0.54800000E+03   0.38688601E-01
   0.54900000E+03   0.38569358E-01
   0.55000000E+03   0.38447414E-01
   0.55100000E+03   0.38322812E-01
   0.55200000E+03   0.38195634E-01
   0.55300000E+03   0.38065968E-01
   0.55400000E+03   0.37933903E-01
   0.55500000E+03   0.37799528E-01
   0.55600000E+03   0.37662932E-01
   0.55700000E+03   0.37524203E-01
   0.55800000E+03   0.37383431E-01
   0.55900000E+03   0.37240704E-01
   0.56000000E+03   0.37096111E-01
   0.56100000E+03   0.36949740E-01
   0.56200000E+03   0.36801682E-01
   0.56300000E+03   0.36652024E-01
   0.56400000E+03   0.36500855E-01
   0.56500000E+03   0.36348264E-01
   0.56600000E+03   0.36194341E-01
   0.56700000E+03   0.36039173E-01
   0.56800000E+03   0.35882850E-01
   0.56900000E+03   0.35725461E-01
   0.57000000E+03   0.35567094E-01
   0.57100000E+03   0.35407838E-01
   0.57200000E+03   0.35247782E-01
   0.57300000E+03   0.35087015E-01
   0.57400000E+03   0.34925626E-01
   0.57500000E+03   0.34763704E-01
   0.57600000E+03   0.34601336E-01
   0.57700000E+03   0.34438613E-01
   0.57800000E+03   0.34275623E-01
   0.57900000E+03   0.34112455E-01
   0.58000000E+03   0.33949197E-01
   0.58100000E+03   0.33785939E-01
   0.58200000E+03   0.33622770E-01
   0.58300000E+03   0.33459777E-01
   0.58400000E+03   0.33297051E-01
   0.58500000E+03   0.33134680E-01
   0.58600000E+03   0.32972752E-01
   0.58700000E+03   0.32811357E-01
   0.58800000E+03   0.32650583E-01
   0.58900000E+03   0.32490519E-01
   0.59000000E+03   0.32331254E-01
   0.59100000E+03   0.32172878E-01
   0.59200000E+03   0.32015478E-01
   0.59300000E+03   0.31859143E-01
   0.59400000E+03   0.31703963E-01
   0.59500000E+03   0.31550026E-01
   0.59600000E+03   0.31397421E-01
   0.59700000E+03   0.31246237E-01
   0.59800000E+03   0.31096563E-01
   0.59900000E+03   0.30948487E-01
   0.60000000E+03   0.30802099E-01
   0.60100000E+03   0.30657479E-01
   0.60200000E+03   0.30514675E-01
   0.60300000E+03   0.30373727E-01
   0.60400000E+03   0.30234676E-01
   0.60500000E+03   0.30097562E-01
   0.60600000E+03   0.29962425E-01
   0.60700000E+03   0.29829304E-01
   0.60800000E+03   0.29698241E-01
   0.60900000E+03   0.29569275E-01
   0.61000000E+03   0.29442446E-01
   0.61100000E+03   0.29317795E-01
   0.61200000E+03   0.29195361E-01
   0.61300000E+03   0.29075184E-01
   0.61400000E+03   0.28957306E-01
   0.61500000E+03   0.28841765E-01
   0.61600000E+03   0.28728603E-01
   0.61700000E+03   0.28617859E-01
   0.61800000E+03   0.28509572E-01
   0.61900000E+03   0.28403785E-01
   0.62000000E+03   0.28300536E-01
   0.62100000E+03   0.28199865E-01
   0.62200000E+03   0.28101813E-01
   0.62300000E+03   0.28006421E-01
   0.62400000E+03   0.27913727E-01
   0.62500000E+03   0.27823772E-01
   0.62600000E+03   0.27736597E-01
   0.62700000E+03   0.27652241E-01
   0.62800000E+03   0.27570744E-01
   0.62900000E+03   0.27492147E-01
   0.63000000E+03   0.27416490E-01
   0.63100000E+03   0.27343813E-01
   0.63200000E+03   0.27274155E-01
   0.63300000E+03   0.27207558E-01
   0.63400000E+03   0.27144061E-01
   0.63500000E+03   0.27083704E-01
   0.63600000E+03   0.27026528E-01
   0.63700000E+03   0.26972572E-01
   0.63800000E+03   0.26921877E-01
   0.63900000E+03   0.26874483E-01
   0.64000000E+03   0.26830430E-01
   0.64100000E+03   0.26789758E-01
   0.64200000E+03   0.26752507E-01
   0.64300000E+03   0.26718718E-01
   0.64400000E+03   0.26688430E-01
   0.64500000E+03   0.26661683E-01
   0.64600000E+03   0.26638518E-01
   0.64700000E+03   0.26618975E-01
   0.64800000E+03   0.26603094E-01
   0.64900000E+03   0.26590915E-01
   0.65000000E+03   0.26582478E-01
   0.65100000E+03   0.26577809E-01
   0.65200000E+03   0.26576874E-01
   0.65300000E+03   0.26579624E-01
   0.65400000E+03   0.26586013E-01
   0.65500000E+03   0.26595991E-01
   0.65600000E+03   0.26609510E-01
   0.65700000E+03   0.26626522E-01
   0.65800000E+03   0.26646980E-01
   0.65900000E+03   0.26670834E-01
   0.66000000E+03   0.26698037E-01
   0.66100000E+03   0.26728540E-01
   0.66200000E+03   0.26762295E-01
   0.66300000E+03   0.26799254E-01
   0.66400000E+03   0.26839369E-01
   0.66500000E+03   0.26882592E-01
   0.66600000E+03   0.26928874E-01
   0.66700000E+03   0.26978167E-01
   0.66800000E+03   0.27030423E-01
   0.66900000E+03   0.27085594E-01
   0.67000000E+03   0.27143632E-01
   0.67100000E+03   0.27204488E-01
   0.67200000E+03   0.27268114E-01
   0.67300000E+03   0.27334463E-01
   0.67400000E+03   0.27403485E-01
   0.67500000E+03   0.27475133E-01
   0.67600000E+03   0.27549358E-01
   0.67700000E+03   0.27626113E-01
   0.67800000E+03   0.27705349E-01
   0.67900000E+03   0.27787018E-01
   0.68000000E+03   0.27871071E-01
   0.68100000E+03   0.27957461E-01
   0.68200000E+03   0.28046139E-01
   0.68300000E+03   0.28137058E-01
   0.68400000E+03   0.28230168E-01
   0.68500000E+03   0.28325422E-01
   0.68600000E+03   0.28422772E-01
   0.68700000E+03   0.28522169E-01
   0.68800000E+03   0.28623565E-01
   0.68900000E+03   0.28726912E-01
   0.69000000E+03   0.28832162E-01
   0.69100000E+03   0.28939267E-01
   0.69200000E+03   0.29048178E-01
   0.69300000E+03   0.29158847E-01
   0.69400000E+03   0.29271226E-01
   0.69500000E+03   0.29385267E-01
   0.69600000E+03   0.29500922E-01
   0.69700000E+03   0.29618142E-01
   0.69800000E+03   0.29736879E-01
   0.69900000E+03   0.29857085E-01
   0.70000000E+03   0.29978712E-01
   0.70100000E+03   0.30101708E-01
   0.70200000E+03   0.30226003E-01
   0.70300000E+03   0.30351524E-01
   0.70400000E+03   0.30478197E-01
   0.70500000E+03   0.30605950E-01
   0.70600000E+03   0.30734709E-01
   0.70700000E+03   0.30864400E-01
   0.70800000E+03   0.30994950E-01
   0.70900000E+03   0.31126286E-01
   0.71000000E+03   0.31258334E-01
   0.71100000E+03   0.31391022E-01
   0.71200000E+03   0.31524275E-01
   0.71300000E+03   0.31658020E-01
   0.71400000E+03   0.31792185E-01
   0.71500000E+03   0.31926695E-01
   0.71600000E+03   0.32061477E-01
   0.71700000E+03   0.32196458E-01
   0.71800000E+03   0.32331565E-01
   0.71900000E+03   0.32466724E-01
   0.72000000E+03   0.32601861E-01
   0.72100000E+03   0.32736905E-01
   0.72200000E+03   0.32871780E-01
   0.72300000E+03   0.33006414E-01
   0.72400000E+03   0.33140733E-01
   0.72500000E+03   0.33274664E-01
   0.72600000E+03   0.33408134E-01
   0.72700000E+03   0.33541069E-01
   0.72800000E+03   0.33673397E-01
   0.72900000E+03   0.33805042E-01
   0.73000000E+03   0.33935933E-01
   0.73100000E+03   0.34065996E-01
   0.73200000E+03   0.34195157E-01
   0.73300000E+03   0.34323343E-01
   0.73400000E+03   0.34450481E-01
   0.73500000E+03   0.34576498E-01
   0.73600000E+03   0.34701319E-01
   0.73700000E+03   0.34824872E-01
   0.73800000E+03   0.34947084E-01
   0.73900000E+03   0.35067880E-01
   0.74000000E+03   0.35187188E-01
   0.74100000E+03   0.35304934E-01
   0.74200000E+03   0.35421046E-01
   0.74300000E+03   0.35535448E-01
   0.74400000E+03   0.35648069E-01
   0.74500000E+03   0.35758834E-01
   0.74600000E+03   0.35867671E-01
   0.74700000E+03   0.35974506E-01
   0.74800000E+03   0.36079266E-01
   0.74900000E+03   0.36181877E-01
   0.75000000E+03   0.36282266E-01
   0.75100000E+03   0.36380367E-01
   0.75200000E+03   0.36476148E-01
   0.75300000E+03   0.36569581E-01
   0.75400000E+03   0.36660641E-01
   0.75500000E+03   0.36749303E-01
   0.75600000E+03   0.36835540E-01
   0.75700000E+03   0.36919327E-01
   0.75800000E+03   0.37000637E-01
   0.75900000E+03   0.37079445E-01
   0.76000000E+03   0.37155725E-01
   0.76100000E+03   0.37229452E-01
   0.76200000E+03   0.37300599E-01
   0.76300000E+03   0.37369141E-01
   0.76400000E+03   0.37435051E-01
   0.76500000E+03   0.37498304E-01
   0.76600000E+03   0.37558874E-01
   0.76700000E+03   0.37616736E-01
   0.76800000E+03   0.37671862E-01
   0.76900000E+03   0.37724229E-01
   0.77000000E+03   0.37773809E-01
   0.77100000E+03   0.37820576E-01
   0.77200000E+03   0.37864506E-01
   0.77300000E+03   0.37905572E-01
   0.77400000E+03   0.37943749E-01
   0.77500000E+03   0.37979010E-01
   0.77600000E+03   0.38011329E-01
   0.77700000E+03   0.38040681E-01
   0.77800000E+03   0.38067041E-01
   0.77900000E+03   0.38090381E-01
   0.78000000E+03   0.38110677E-01
   0.78100000E+03   0.38127902E-01
   0.78200000E+03   0.38142031E-01
   0.78300000E+03   0.38153038E-01
   0.78400000E+03   0.38160897E-01
   0.78500000E+03   0.38165581E-01
   0.78600000E+03   0.38167067E-01
   0.78700000E+03   0.38165326E-01
   0.78800000E+03   0.38160334E-01
   0.78900000E+03   0.38152065E-01
   0.79000000E+03   0.38140493E-01
   0.79100000E+03   0.38125592E-01
   0.79200000E+03   0.38107336E-01
   0.79300000E+03   0.38085700E-01
   0.79400000E+03   0.38060657E-01
   0.79500000E+03   0.38032182E-01
   0.79600000E+03   0.38000249E-01
   0.79700000E+03   0.37964832E-01
   0.79800000E+03   0.37925905E-01
   0.79900000E+03   0.37883442E-01
   0.80000000E+03   0.37837418E-01
   0.80100000E+03   0.37787819E-01
   0.80200000E+03   0.37734681E-01
   0.80300000E+03   0.37678051E-01
   0.80400000E+03   0.37617977E-01
   0.80500000E+03   0.37554507E-01
   0.80600000E+03   0.37487689E-01
   0.80700000E+03   0.37417570E-01
   0.80800000E+03   0.37344199E-01
   0.80900000E+03   0.37267623E-01
   0.81000000E+03   0.37187890E-01
   0.81100000E+03   0.37105048E-01
   0.81200000E+03   0.37019145E-01
   0.81300000E+03   0.36930228E-01
   0.81400000E+03   0.36838346E-01
   0.81500000E+03   0.36743545E-01
   0.81600000E+03   0.36645875E-01
   0.81700000E+03   0.36545382E-01
   0.81800000E+03   0.36442115E-01
   0.81900000E+03   0.36336121E-01
   0.82000000E+03   0.36227448E-01
   0.82100000E+03   0.36116144E-01
   0.82200000E+03   0.36002257E-01
   0.82300000E+03   0.35885835E-01
   0.82400000E+03   0.35766925E-01
   0.82500000E+03   0.35645576E-01
   0.82600000E+03   0.35521834E-01
   0.82700000E+03   0.35395749E-01
   0.82800000E+03   0.35267367E-01
   0.82900000E+03   0.35136736E-01
   0.83000000E+03   0.35003905E-01
   0.83100000E+03   0.34868921E-01
   0.83200000E+03   0.34731832E-01
   0.83300000E+03   0.34592686E-01
   0.83400000E+03   0.34451531E-01
   0.83500000E+03   0.34308413E-01
   0.83600000E+03   0.34163382E-01
   0.83700000E+03   0.34016485E-01
   0.83800000E+03   0.33867770E-01
   0.83900000E+03   0.33717285E-01
   0.84000000E+03   0.33565077E-01
   0.84100000E+03   0.33411194E-01
   0.84200000E+03   0.33255684E-01
   0.84300000E+03   0.33098595E-01
   0.84400000E+03   0.32939975E-01
   0.84500000E+03   0.32779872E-01
   0.84600000E+03   0.32618333E-01
   0.84700000E+03   0.32455406E-01
   0.84800000E+03   0.32291139E-01
   0.84900000E+03   0.32125579E-01
   0.85000000E+03   0.31958776E-01
   0.85100000E+03   0.31790778E-01
   0.85200000E+03   0.31621644E-01
   0.85300000E+03   0.31451435E-01
   0.85400000E+03   0.31280212E-01
   0.85500000E+03   0.31108036E-01
   0.85600000E+03   0.30934967E-01
   0.85700000E+03   0.30761067E-01
   0.85800000E+03   0.30586396E-01
   0.85900000E+03   0.30411014E-01
   0.86000000E+03   0.30234983E-01
   0.86100000E+03   0.30058364E-01
   0.86200000E+03   0.29881217E-01
   0.86300000E+03   0.29703603E-01
   0.86400000E+03   0.29525583E-01
   0.86500000E+03   0.29347218E-01
   0.86600000E+03   0.29168568E-01
   0.86700000E+03   0.28989695E-01
   0.86800000E+03   0.28810659E-01
   0.86900000E+03   0.28631521E-01
   0.87000000E+03   0.28452342E-01
   0.87100000E+03   0.28273182E-01
   0.87200000E+03   0.28094103E-01
   0.87300000E+03   0.27915165E-01
   0.87400000E+03   0.27736429E-01
   0.87500000E+03   0.27557956E-01
   0.87600000E+03   0.27379806E-01
   0.87700000E+03   0.27202041E-01
   0.87800000E+03   0.27024721E-01
   0.87900000E+03   0.26847908E-01
   0.88000000E+03   0.26671661E-01
   0.88100000E+03   0.26496042E-01
   0.88200000E+03   0.26321111E-01
   0.88300000E+03   0.26146930E-01
   0.88400000E+03   0.25973559E-01
   0.88500000E+03   0.25801058E-01
   0.88600000E+03   0.25629490E-01
   0.88700000E+03   0.25458914E-01
   0.88800000E+03   0.25289391E-01
   0.88900000E+03   0.25120983E-01
   0.89000000E+03   0.24953749E-01
   0.89100000E+03   0.24787752E-01
   0.89200000E+03   0.24623051E-01
   0.89300000E+03   0.24459707E-01
   0.89400000E+03   0.24297781E-01
   0.89500000E+03   0.24137335E-01
   0.89600000E+03   0.23978428E-01
   0.89700000E+03   0.23821122E-01
   0.89800000E+03   0.23665478E-01
   0.89900000E+03   0.23511556E-01
   0.90000000E+03   0.23359416E-01
   0.90100000E+03   0.23209114E-01
   0.90200000E+03   0.23060672E-01
   0.90300000E+03   0.22914109E-01
   0.90400000E+03   0.22769441E-01
   0.90500000E+03   0.22626685E-01
   0.90600000E+03   0.22485859E-01
   0.90700000E+03   0.22346979E-01
   0.90800000E+03   0.22210064E-01
   0.90900000E+03   0.22075129E-01
   0.91000000E+03   0.21942192E-01
   0.91100000E+03   0.21811271E-01
   0.91200000E+03   0.21682382E-01
   0.91300000E+03   0.21555543E-01
   0.91400000E+03   0.21430770E-01
   0.91500000E+03   0.21308081E-01
   0.91600000E+03   0.21187493E-01
   0.91700000E+03   0.21069023E-01
   0.91800000E+03   0.20952689E-01
   0.91900000E+03   0.20838506E-01
   0.92000000E+03   0.20726494E-01
   0.92100000E+03   0.20616667E-01
   0.92200000E+03   0.20509045E-01
   0.92300000E+03   0.20403643E-01
   0.92400000E+03   0.20300480E-01
   0.92500000E+03   0.20199571E-01
   0.92600000E+03   0.20100935E-01
   0.92700000E+03   0.20004589E-01
   0.92800000E+03   0.19910549E-01
   0.92900000E+03   0.19818833E-01
   0.93000000E+03   0.19729457E-01
   0.93100000E+03   0.19642440E-01
   0.93200000E+03   0.19557798E-01
   0.93300000E+03   0.19475548E-01
   0.93400000E+03   0.19395707E-01
   0.93500000E+03   0.19318293E-01
   0.93600000E+03   0.19243323E-01
   0.93700000E+03   0.19170813E-01
   0.93800000E+03   0.19100782E-01
   0.93900000E+03   0.19033245E-01
   0.94000000E+03   0.18968221E-01
   0.94100000E+03   0.18905726E-01
   0.94200000E+03   0.18845778E-01
   0.94300000E+03   0.18788393E-01
   0.94400000E+03   0.18733590E-01
   0.94500000E+03   0.18681384E-01
   0.94600000E+03   0.18631793E-01
   0.94700000E+03   0.18584834E-01
   0.94800000E+03   0.18540525E-01
   0.94900000E+03   0.18498882E-01
   0.95000000E+03   0.18459923E-01
   0.95100000E+03   0.18423655E-01
   0.95200000E+03   0.18390054E-01
   0.95300000E+03   0.18359082E-01
   0.95400000E+03   0.18330705E-01
   0.95500000E+03   0.18304887E-01
   0.95600000E+03   0.18281593E-01
   0.95700000E+03   0.18260787E-01
   0.95800000E+03   0.18242435E-01
   0.95900000E+03   0.18226501E-01
   0.96000000E+03   0.18212949E-01
   0.96100000E+03   0.18201744E-01
   0.96200000E+03   0.18192851E-01
   0.96300000E+03   0.18186234E-01
   0.96400000E+03   0.18181858E-01
   0.96500000E+03   0.18179688E-01
   0.96600000E+03   0.18179688E-01
   0.96700000E+03   0.18181823E-01
   0.96800000E+03   0.18186057E-01
   0.96900000E+03   0.18192356E-01
   0.97000000E+03   0.18200683E-01
   0.97100000E+03   0.18211004E-01
   0.97200000E+03   0.18223283E-01
   0.97300000E+03   0.18237484E-01
   0.97400000E+03   0.18253573E-01
   0.97500000E+03   0.18271514E-01
   0.97600000E+03   0.18291271E-01
   0.97700000E+03   0.18312810E-01
   0.97800000E+03   0.18336094E-01
   0.97900000E+03   0.18361089E-01
   0.98000000E+03   0.18387759E-01
   0.98100000E+03   0.18416069E-01
   0.98200000E+03   0.18445983E-01
   0.98300000E+03   0.18477466E-01
   0.98400000E+03   0.18510483E-01
   0.98500000E+03   0.18544998E-01
   0.98600000E+03   0.18580976E-01
   0.98700000E+03   0.18618382E-01
   0.98800000E+03   0.18657180E-01
   0.98900000E+03   0.18697334E-01
   0.99000000E+03   0.18738811E-01
   0.99100000E+03   0.18781573E-01
   0.99200000E+03   0.18825586E-01
   0.99300000E+03   0.18870814E-01
   0.99400000E+03   0.18917222E-01
   0.99500000E+03   0.18964775E-01
   0.99600000E+03   0.19013437E-01
   0.99700000E+03   0.19063173E-01
   0.99800000E+03   0.19113947E-01
   0.99900000E+03   0.19165725E-01
   0.10000000E+04   0.19218470E-01
   0.10010000E+04   0.19272147E-01
   0.10020000E+04   0.19326711E-01
   0.10030000E+04   0.19382118E-01
   0.10040000E+04   0.19438325E-01
   0.10050000E+04   0.19495286E-01
   0.10060000E+04   0.19552956E-01
   0.10070000E+04   0.19611292E-01
   0.10080000E+04   0.19670248E-01
   0.10090000E+04   0.19729781E-01
   0.10100000E+04   0.19789845E-01
   0.10110000E+04   0.19850396E-01
   0.10120000E+04   0.19911390E-01
   0.10130000E+04   0.19972782E-01
   0.10140000E+04   0.20034527E-01
   0.10150000E+04   0.20096582E-01
   0.10160000E+04   0.20158900E-01
   0.10170000E+04   0.20221439E-01
   0.10180000E+04   0.20284153E-01
   0.10190000E+04   0.20346998E-01
   0.10200000E+04   0.20409930E-01
   0.10210000E+04   0.20472903E-01
   0.10220000E+04   0.20535873E-01
   0.10230000E+04   0.20598796E-01
   0.10240000E+04   0.20661628E-01
   0.10250000E+04   0.20724323E-01
   0.10260000E+04   0.20786837E-01
   0.10270000E+04   0.20849125E-01
   0.10280000E+04   0.20911144E-01
   0.10290000E+04   0.20972849E-01
   0.10300000E+04   0.21034194E-01
   0.10310000E+04   0.21095136E-01
   0.10320000E+04   0.21155630E-01
   0.10330000E+04   0.21215631E-01
   0.10340000E+04   0.21275095E-01
   0.10350000E+04   0.21333977E-01
   0.10360000E+04   0.21392234E-01
   0.10370000E+04   0.21449819E-01
   0.10380000E+04   0.21506689E-01
   0.10390000E+04   0.21562800E-01
   0.10400000E+04   0.21618106E-01
   0.10410000E+04   0.21672564E-01
   0.10420000E+04   0.21726128E-01
   0.10430000E+04   0.21778754E-01
   0.10440000E+04   0.21830398E-01
   0.10450000E+04   0.21881015E-01
   0.10460000E+04   0.21930560E-01
   0.10470000E+04   0.21978989E-01
   0.10480000E+04   0.22026258E-01
   0.10490000E+04   0.22072322E-01
   0.10500000E+04   0.22117136E-01
   0.10510000E+04   0.22160661E-01
   0.10520000E+04   0.22202881E-01
   0.10530000E+04   0.22243784E-01
   0.10540000E+04   0.22283360E-01
   0.10550000E+04   0.22321596E-01
   0.10560000E+04   0.22358482E-01
   0.10570000E+04   0.22394006E-01
   0.10580000E+04   0.22428157E-01
   0.10590000E+04   0.22460923E-01
   0.10600000E+04   0.22492294E-01
   0.10610000E+04   0.22522259E-01
   0.10620000E+04   0.22550805E-01
   0.10630000E+04   0.22577922E-01
   0.10640000E+04   0.22603598E-01
   0.10650000E+04   0.22627823E-01
   0.10660000E+04   0.22650584E-01
   0.10670000E+04   0.22671871E-01
   0.10680000E+04   0.22691672E-01
   0.10690000E+04   0.22709976E-01
   0.10700000E+04   0.22726772E-01
   0.10710000E+04   0.22742049E-01
   0.10720000E+04   0.22755795E-01
   0.10730000E+04   0.22767998E-01
   0.10740000E+04   0.22778649E-01
   0.10750000E+04   0.22787735E-01
   0.10760000E+04   0.22795245E-01
   0.10770000E+04   0.22801168E-01
   0.10780000E+04   0.22805493E-01
   0.10790000E+04   0.22808208E-01
   0.10800000E+04   0.22809302E-01
   0.10810000E+04   0.22808764E-01
   0.10820000E+04   0.22806583E-01
   0.10830000E+04   0.22802747E-01
   0.10840000E+04   0.22797245E-01
   0.10850000E+04   0.22790066E-01
   0.10860000E+04   0.22781198E-01
   0.10870000E+04   0.22770631E-01
   0.10880000E+04   0.22758352E-01
   0.10890000E+04   0.22744352E-01
   0.10900000E+04   0.22728617E-01
   0.10910000E+04   0.22711138E-01
   0.10920000E+04   0.22691903E-01
   0.10930000E+04   0.22670901E-01
   0.10940000E+04   0.22648120E-01
   0.10950000E+04   0.22623549E-01
   0.10960000E+04   0.22597177E-01
   0.10970000E+04   0.22568992E-01
   0.10980000E+04   0.22538984E-01
   0.10990000E+04   0.22507141E-01
   0.11000000E+04   0.22473452E-01
   0.11010000E+04   0.22437913E-01
   0.11020000E+04   0.22400552E-01
   0.11030000E+04   0.22361405E-01
   0.11040000E+04   0.22320509E-01
   0.11050000E+04   0.22277898E-01
   0.11060000E+04   0.22233609E-01
   0.11070000E+04   0.22187677E-01
   0.11080000E+04   0.22140139E-01
   0.11090000E+04   0.22091029E-01
   0.11100000E+04   0.22040384E-01
   0.11110000E+04   0.21988240E-01
   0.11120000E+04   0.21934633E-01
   0.11130000E+04   0.21879597E-01
   0.11140000E+04   0.21823170E-01
   0.11150000E+04   0.21765387E-01
   0.11160000E+04   0.21706283E-01
   0.11170000E+04   0.21645895E-01
   0.11180000E+04   0.21584258E-01
   0.11190000E+04   0.21521409E-01
   0.11200000E+04   0.21457382E-01
   0.11210000E+04   0.21392214E-01
   0.11220000E+04   0.21325941E-01
   0.11230000E+04   0.21258598E-01
   0.11240000E+04   0.21190221E-01
   0.11250000E+04   0.21120846E-01
   0.11260000E+04   0.21050510E-01
   0.11270000E+04   0.20979246E-01
   0.11280000E+04   0.20907093E-01
   0.11290000E+04   0.20834084E-01
   0.11300000E+04   0.20760257E-01
   0.11310000E+04   0.20685647E-01
   0.11320000E+04   0.20610289E-01
   0.11330000E+04   0.20534220E-01
   0.11340000E+04   0.20457475E-01
   0.11350000E+04   0.20380090E-01
   0.11360000E+04   0.20302101E-01
   0.11370000E+04   0.20223545E-01
   0.11380000E+04   0.20144455E-01
   0.11390000E+04   0.20064869E-01
   0.11400000E+04   0.19984823E-01
   0.11410000E+04   0.19904351E-01
   0.11420000E+04   0.19823490E-01
   0.11430000E+04   0.19742276E-01
   0.11440000E+04   0.19660744E-01
   0.11450000E+04   0.19578931E-01
   0.11460000E+04   0.19496871E-01
   0.11470000E+04   0.19414602E-01
   0.11480000E+04   0.19332158E-01
   0.11490000E+04   0.19249576E-01
   0.11500000E+04   0.19166891E-01
   0.11510000E+04   0.19084134E-01
   0.11520000E+04   0.19001311E-01
   0.11530000E+04   0.18918424E-01
   0.11540000E+04   0.18835474E-01
   0.11550000E+04   0.18752462E-01
   0.11560000E+04   0.18669391E-01
   0.11570000E+04   0.18586261E-01
   0.11580000E+04   0.18503073E-01
   0.11590000E+04   0.18419829E-01
   0.11600000E+04   0.18336530E-01
   0.11610000E+04   0.18253177E-01
   0.11620000E+04   0.18169773E-01
   0.11630000E+04   0.18086318E-01
   0.11640000E+04   0.18002813E-01
   0.11650000E+04   0.17919260E-01
   0.11660000E+04   0.17835661E-01
   0.11670000E+04   0.17752016E-01
   0.11680000E+04   0.17668326E-01
   0.11690000E+04   0.17584594E-01
   0.11700000E+04   0.17500821E-01
   0.11710000E+04   0.17417008E-01
   0.11720000E+04   0.17333155E-01
   0.11730000E+04   0.17249266E-01
   0.11740000E+04   0.17165340E-01
   0.11750000E+04   0.17081379E-01
   0.11760000E+04   0.16997385E-01
   0.11770000E+04   0.16913359E-01
   0.11780000E+04   0.16829302E-01
   0.11790000E+04   0.16745216E-01
   0.11800000E+04   0.16661102E-01
   0.11810000E+04   0.16576961E-01
   0.11820000E+04   0.16492795E-01
   0.11830000E+04   0.16408604E-01
   0.11840000E+04   0.16324391E-01
   0.11850000E+04   0.16240156E-01
   0.11860000E+04   0.16155902E-01
   0.11870000E+04   0.16071628E-01
   0.11880000E+04   0.15987337E-01
   0.11890000E+04   0.15903031E-01
   0.11900000E+04   0.15818709E-01
   0.11910000E+04   0.15734374E-01
   0.11920000E+04   0.15650027E-01
   0.11930000E+04   0.15565670E-01
   0.11940000E+04   0.15481303E-01
   0.11950000E+04   0.15396928E-01
   0.11960000E+04   0.15312546E-01
   0.11970000E+04   0.15228159E-01
   0.11980000E+04   0.15143768E-01
   0.11990000E+04   0.15059375E-01
   0.12000000E+04   0.14974980E-01
