  -0.23025851E+02   0.24418612E+10   0.24418669E+10   0.00000000E+00
  -0.23002802E+02   0.23862225E+10   0.23862283E+10   0.30403904E+10
  -0.22979753E+02   0.23318516E+10   0.23318573E+10   0.21564442E+10
  -0.22956704E+02   0.22787195E+10   0.22787252E+10   0.23255988E+10
  -0.22933655E+02   0.22267980E+10   0.22268038E+10   0.22141186E+10
  -0.22910606E+02   0.21760596E+10   0.21760654E+10   0.21793422E+10
  -0.22887558E+02   0.21264773E+10   0.21264831E+10   0.21254855E+10
  -0.22864509E+02   0.20780248E+10   0.20780305E+10   0.20781812E+10
  -0.22841460E+02   0.20306762E+10   0.20306819E+10   0.20305271E+10
  -0.22818411E+02   0.19844065E+10   0.19844122E+10   0.19843423E+10
  -0.22795362E+02   0.19391911E+10   0.19391968E+10   0.19391068E+10
  -0.22772313E+02   0.18950059E+10   0.18950116E+10   0.18949290E+10
  -0.22749264E+02   0.18518275E+10   0.18518332E+10   0.18517514E+10
  -0.22726215E+02   0.18096329E+10   0.18096386E+10   0.18095589E+10
  -0.22703166E+02   0.17683997E+10   0.17684054E+10   0.17683275E+10
  -0.22680117E+02   0.17281061E+10   0.17281117E+10   0.17280357E+10
  -0.22657069E+02   0.16887305E+10   0.16887362E+10   0.16886617E+10
  -0.22634020E+02   0.16502522E+10   0.16502578E+10   0.16501854E+10
  -0.22610971E+02   0.16126505E+10   0.16126562E+10   0.16125845E+10
  -0.22587922E+02   0.15759057E+10   0.15759113E+10   0.15758421E+10
  -0.22564873E+02   0.15399981E+10   0.15400037E+10   0.15399362E+10
  -0.22541824E+02   0.15049086E+10   0.15049142E+10   0.15048472E+10
  -0.22518775E+02   0.14706187E+10   0.14706243E+10   0.14705604E+10
  -0.22495726E+02   0.14371101E+10   0.14371157E+10   0.14370523E+10
  -0.22472677E+02   0.14043650E+10   0.14043705E+10   0.14043083E+10
  -0.22449628E+02   0.13723660E+10   0.13723715E+10   0.13723114E+10
  -0.22426580E+02   0.13410961E+10   0.13411016E+10   0.13410426E+10
  -0.22403531E+02   0.13105386E+10   0.13105442E+10   0.13104866E+10
  -0.22380482E+02   0.12806775E+10   0.12806830E+10   0.12806267E+10
  -0.22357433E+02   0.12514967E+10   0.12515023E+10   0.12514473E+10
  -0.22334384E+02   0.12229809E+10   0.12229864E+10   0.12229326E+10
  -0.22311335E+02   0.11951148E+10   0.11951203E+10   0.11950680E+10
  -0.22288286E+02   0.11678836E+10   0.11678891E+10   0.11678371E+10
  -0.22265237E+02   0.11412729E+10   0.11412784E+10   0.11412288E+10
  -0.22242188E+02   0.11152685E+10   0.11152740E+10   0.11152251E+10
  -0.22219139E+02   0.10898567E+10   0.10898621E+10   0.10898136E+10
  -0.22196091E+02   0.10650238E+10   0.10650293E+10   0.10649826E+10
  -0.22173042E+02   0.10407568E+10   0.10407623E+10   0.10407172E+10
  -0.22149993E+02   0.10170427E+10   0.10170482E+10   0.10170036E+10
  -0.22126944E+02   0.99386897E+09   0.99387442E+09   0.99383006E+09
  -0.22103895E+02   0.97122324E+09   0.97122868E+09   0.97118650E+09
  -0.22080846E+02   0.94909350E+09   0.94909893E+09   0.94905692E+09
  -0.22057797E+02   0.92746799E+09   0.92747341E+09   0.92743341E+09
  -0.22034748E+02   0.90633523E+09   0.90634063E+09   0.90630099E+09
  -0.22011699E+02   0.88568399E+09   0.88568939E+09   0.88564969E+09
  -0.21988650E+02   0.86550328E+09   0.86550868E+09   0.86547161E+09
  -0.21965602E+02   0.84578241E+09   0.84578778E+09   0.84575072E+09
  -0.21942553E+02   0.82651088E+09   0.82651625E+09   0.82647926E+09
  -0.21919504E+02   0.80767845E+09   0.80768382E+09   0.80764925E+09
  -0.21896455E+02   0.78927513E+09   0.78928048E+09   0.78924592E+09
  -0.21873406E+02   0.77129114E+09   0.77129648E+09   0.77126200E+09
  -0.21850357E+02   0.75371691E+09   0.75372225E+09   0.75368998E+09
  -0.21827308E+02   0.73654313E+09   0.73654844E+09   0.73651631E+09
  -0.21804259E+02   0.71976065E+09   0.71976596E+09   0.71973357E+09
  -0.21781210E+02   0.70336056E+09   0.70336587E+09   0.70333633E+09
  -0.21758161E+02   0.68733416E+09   0.68733943E+09   0.68730932E+09
  -0.21735113E+02   0.67167292E+09   0.67167821E+09   0.67164794E+09
  -0.21712064E+02   0.65636853E+09   0.65637381E+09   0.65634555E+09
  -0.21689015E+02   0.64141285E+09   0.64141812E+09   0.64138997E+09
  -0.21665966E+02   0.62679794E+09   0.62680321E+09   0.62677591E+09
  -0.21642917E+02   0.61251604E+09   0.61252130E+09   0.61249456E+09
  -0.21619868E+02   0.59855956E+09   0.59856480E+09   0.59853871E+09
  -0.21596819E+02   0.58492108E+09   0.58492632E+09   0.58490082E+09
  -0.21573770E+02   0.57159336E+09   0.57159858E+09   0.57157368E+09
  -0.21550721E+02   0.55856931E+09   0.55857453E+09   0.55855020E+09
  -0.21527672E+02   0.54584202E+09   0.54584723E+09   0.54582346E+09
  -0.21504624E+02   0.53340473E+09   0.53340992E+09   0.53338670E+09
  -0.21481575E+02   0.52125082E+09   0.52125601E+09   0.52123334E+09
  -0.21458526E+02   0.50937384E+09   0.50937902E+09   0.50935683E+09
  -0.21435477E+02   0.49776749E+09   0.49777266E+09   0.49775113E+09
  -0.21412428E+02   0.48642559E+09   0.48643075E+09   0.48640932E+09
  -0.21389379E+02   0.47534212E+09   0.47534727E+09   0.47532729E+09
  -0.21366330E+02   0.46451118E+09   0.46451631E+09   0.46449615E+09
  -0.21343281E+02   0.45392704E+09   0.45393217E+09   0.45391183E+09
  -0.21320232E+02   0.44358406E+09   0.44358918E+09   0.44357022E+09
  -0.21297183E+02   0.43347674E+09   0.43348186E+09   0.43346296E+09
  -0.21274135E+02   0.42359973E+09   0.42360483E+09   0.42358651E+09
  -0.21251086E+02   0.41394776E+09   0.41395286E+09   0.41393492E+09
  -0.21228037E+02   0.40451572E+09   0.40452081E+09   0.40450330E+09
  -0.21204988E+02   0.39529859E+09   0.39530367E+09   0.39528657E+09
  -0.21181939E+02   0.38629148E+09   0.38629655E+09   0.38627985E+09
  -0.21158890E+02   0.37748960E+09   0.37749466E+09   0.37747834E+09
  -0.21135841E+02   0.36888827E+09   0.36889332E+09   0.36887738E+09
  -0.21112792E+02   0.36048292E+09   0.36048796E+09   0.36047240E+09
  -0.21089743E+02   0.35226909E+09   0.35227413E+09   0.35225893E+09
  -0.21066694E+02   0.34424242E+09   0.34424744E+09   0.34423260E+09
  -0.21043646E+02   0.33639864E+09   0.33640365E+09   0.33638916E+09
  -0.21020597E+02   0.32873358E+09   0.32873858E+09   0.32872443E+09
  -0.20997548E+02   0.32124317E+09   0.32124817E+09   0.32123434E+09
  -0.20974499E+02   0.31392343E+09   0.31392842E+09   0.31391492E+09
  -0.20951450E+02   0.30677048E+09   0.30677546E+09   0.30676227E+09
  -0.20928401E+02   0.29978051E+09   0.29978548E+09   0.29977260E+09
  -0.20905352E+02   0.29294981E+09   0.29295476E+09   0.29294219E+09
  -0.20882303E+02   0.28627474E+09   0.28627969E+09   0.28626742E+09
  -0.20859254E+02   0.27975177E+09   0.27975671E+09   0.27974473E+09
  -0.20836205E+02   0.27337743E+09   0.27338236E+09   0.27337066E+09
  -0.20813157E+02   0.26714833E+09   0.26715325E+09   0.26714182E+09
  -0.20790108E+02   0.26106116E+09   0.26106608E+09   0.26105492E+09
  -0.20767059E+02   0.25511269E+09   0.25511760E+09   0.25510670E+09
  -0.20744010E+02   0.24929976E+09   0.24930466E+09   0.24929402E+09
  -0.20720961E+02   0.24361928E+09   0.24362417E+09   0.24361378E+09
  -0.20697912E+02   0.23806823E+09   0.23807311E+09   0.23806296E+09
  -0.20674863E+02   0.23264366E+09   0.23264853E+09   0.23263863E+09
  -0.20651814E+02   0.22734269E+09   0.22734755E+09   0.22733789E+09
  -0.20628765E+02   0.22216251E+09   0.22216736E+09   0.22215792E+09
  -0.20605716E+02   0.21710036E+09   0.21710520E+09   0.21709599E+09
  -0.20582668E+02   0.21215355E+09   0.21215839E+09   0.21214939E+09
  -0.20559619E+02   0.20731946E+09   0.20732428E+09   0.20731550E+09
  -0.20536570E+02   0.20259551E+09   0.20260033E+09   0.20259176E+09
  -0.20513521E+02   0.19797920E+09   0.19798401E+09   0.19797564E+09
  -0.20490472E+02   0.19346808E+09   0.19347287E+09   0.19346471E+09
  -0.20467423E+02   0.18905974E+09   0.18906453E+09   0.18905655E+09
  -0.20444374E+02   0.18475185E+09   0.18475663E+09   0.18474884E+09
  -0.20421325E+02   0.18054211E+09   0.18054688E+09   0.18053928E+09
  -0.20398276E+02   0.17642830E+09   0.17643306E+09   0.17642564E+09
  -0.20375227E+02   0.17240822E+09   0.17241297E+09   0.17240573E+09
  -0.20352179E+02   0.16847974E+09   0.16848448E+09   0.16847741E+09
  -0.20329130E+02   0.16464077E+09   0.16464550E+09   0.16463861E+09
  -0.20306081E+02   0.16088927E+09   0.16089399E+09   0.16088726E+09
  -0.20283032E+02   0.15722325E+09   0.15722796E+09   0.15722140E+09
  -0.20259983E+02   0.15364076E+09   0.15364547E+09   0.15363906E+09
  -0.20236934E+02   0.15013991E+09   0.15014460E+09   0.15013835E+09
  -0.20213885E+02   0.14671882E+09   0.14672350E+09   0.14671740E+09
  -0.20190836E+02   0.14337568E+09   0.14338035E+09   0.14337440E+09
  -0.20167787E+02   0.14010871E+09   0.14011338E+09   0.14010757E+09
  -0.20144738E+02   0.13691619E+09   0.13692084E+09   0.13691518E+09
  -0.20121690E+02   0.13379640E+09   0.13380105E+09   0.13379552E+09
  -0.20098641E+02   0.13074771E+09   0.13075234E+09   0.13074695E+09
  -0.20075592E+02   0.12776847E+09   0.12777310E+09   0.12776784E+09
  -0.20052543E+02   0.12485712E+09   0.12486175E+09   0.12485662E+09
  -0.20029494E+02   0.12201211E+09   0.12201672E+09   0.12201172E+09
  -0.20006445E+02   0.11923192E+09   0.11923653E+09   0.11923165E+09
  -0.19983396E+02   0.11651508E+09   0.11651968E+09   0.11651492E+09
  -0.19960347E+02   0.11386015E+09   0.11386473E+09   0.11386009E+09
  -0.19937298E+02   0.11126571E+09   0.11127028E+09   0.11126575E+09
  -0.19914249E+02   0.10873038E+09   0.10873494E+09   0.10873053E+09
  -0.19891201E+02   0.10625282E+09   0.10625738E+09   0.10625307E+09
  -0.19868152E+02   0.10383171E+09   0.10383626E+09   0.10383206E+09
  -0.19845103E+02   0.10146577E+09   0.10147031E+09   0.10146622E+09
  -0.19822054E+02   0.99153741E+08   0.99158271E+08   0.99154278E+08
  -0.19799005E+02   0.96894390E+08   0.96898911E+08   0.96895018E+08
  -0.19775956E+02   0.94686519E+08   0.94691030E+08   0.94687236E+08
  -0.19752907E+02   0.92528956E+08   0.92533458E+08   0.92529758E+08
  -0.19729858E+02   0.90420553E+08   0.90425046E+08   0.90421440E+08
  -0.19706809E+02   0.88360191E+08   0.88364675E+08   0.88361160E+08
  -0.19683760E+02   0.86346775E+08   0.86351250E+08   0.86347824E+08
  -0.19660712E+02   0.84379236E+08   0.84383701E+08   0.84380363E+08
  -0.19637663E+02   0.82456528E+08   0.82460984E+08   0.82457731E+08
  -0.19614614E+02   0.80577629E+08   0.80582076E+08   0.80578906E+08
  -0.19591565E+02   0.78741542E+08   0.78745980E+08   0.78742891E+08
  -0.19568516E+02   0.76947291E+08   0.76951720E+08   0.76948711E+08
  -0.19545467E+02   0.75193923E+08   0.75198343E+08   0.75195411E+08
  -0.19522418E+02   0.73480506E+08   0.73484917E+08   0.73482061E+08
  -0.19499369E+02   0.71806130E+08   0.71810532E+08   0.71807750E+08
  -0.19476320E+02   0.70169906E+08   0.70174298E+08   0.70171588E+08
  -0.19453271E+02   0.68570963E+08   0.68575346E+08   0.68572708E+08
  -0.19430223E+02   0.67008453E+08   0.67012827E+08   0.67010258E+08
  -0.19407174E+02   0.65481546E+08   0.65485910E+08   0.65483409E+08
  -0.19384125E+02   0.63989430E+08   0.63993785E+08   0.63991349E+08
  -0.19361076E+02   0.62531312E+08   0.62535658E+08   0.62533287E+08
  -0.19338027E+02   0.61106418E+08   0.61110755E+08   0.61108447E+08
  -0.19314978E+02   0.59713991E+08   0.59718319E+08   0.59716073E+08
  -0.19291929E+02   0.58353291E+08   0.58357610E+08   0.58355424E+08
  -0.19268880E+02   0.57023596E+08   0.57027905E+08   0.57025778E+08
  -0.19245831E+02   0.55724198E+08   0.55728498E+08   0.55726428E+08
  -0.19222782E+02   0.54454407E+08   0.54458698E+08   0.54456685E+08
  -0.19199734E+02   0.53213549E+08   0.53217831E+08   0.53215873E+08
  -0.19176685E+02   0.52000965E+08   0.52005238E+08   0.52003333E+08
  -0.19153636E+02   0.50816010E+08   0.50820274E+08   0.50818421E+08
  -0.19130587E+02   0.49658055E+08   0.49662309E+08   0.49660508E+08
  -0.19107538E+02   0.48526484E+08   0.48530730E+08   0.48528978E+08
  -0.19084489E+02   0.47420697E+08   0.47424933E+08   0.47423231E+08
  -0.19061440E+02   0.46340105E+08   0.46344333E+08   0.46342678E+08
  -0.19038391E+02   0.45284136E+08   0.45288354E+08   0.45286746E+08
  -0.19015342E+02   0.44252227E+08   0.44256436E+08   0.44254874E+08
  -0.18992293E+02   0.43243831E+08   0.43248031E+08   0.43246513E+08
  -0.18969245E+02   0.42258411E+08   0.42262602E+08   0.42261128E+08
  -0.18946196E+02   0.41295445E+08   0.41299627E+08   0.41298196E+08
  -0.18923147E+02   0.40354421E+08   0.40358593E+08   0.40357204E+08
  -0.18900098E+02   0.39434838E+08   0.39439001E+08   0.39437653E+08
  -0.18877049E+02   0.38536209E+08   0.38540363E+08   0.38539054E+08
  -0.18854000E+02   0.37658055E+08   0.37662200E+08   0.37660930E+08
  -0.18830951E+02   0.36799910E+08   0.36804046E+08   0.36802814E+08
  -0.18807902E+02   0.35961319E+08   0.35965446E+08   0.35964251E+08
  -0.18784853E+02   0.35141836E+08   0.35145953E+08   0.35144794E+08
  -0.18761804E+02   0.34341025E+08   0.34345133E+08   0.34344010E+08
  -0.18738756E+02   0.33558460E+08   0.33562560E+08   0.33561471E+08
  -0.18715707E+02   0.32793727E+08   0.32797817E+08   0.32796763E+08
  -0.18692658E+02   0.32046419E+08   0.32050500E+08   0.32049478E+08
  -0.18669609E+02   0.31316139E+08   0.31320211E+08   0.31319221E+08
  -0.18646560E+02   0.30602499E+08   0.30606561E+08   0.30605603E+08
  -0.18623511E+02   0.29905119E+08   0.29909172E+08   0.29908246E+08
  -0.18600462E+02   0.29223630E+08   0.29227674E+08   0.29226777E+08
  -0.18577413E+02   0.28557668E+08   0.28561703E+08   0.28560836E+08
  -0.18554364E+02   0.27906881E+08   0.27910907E+08   0.27910069E+08
  -0.18531315E+02   0.27270923E+08   0.27274940E+08   0.27274129E+08
  -0.18508267E+02   0.26649455E+08   0.26653463E+08   0.26652680E+08
  -0.18485218E+02   0.26042148E+08   0.26046147E+08   0.26045391E+08
  -0.18462169E+02   0.25448679E+08   0.25452668E+08   0.25451939E+08
  -0.18439120E+02   0.24868732E+08   0.24872712E+08   0.24872008E+08
  -0.18416071E+02   0.24302000E+08   0.24305971E+08   0.24305292E+08
  -0.18393022E+02   0.23748181E+08   0.23752143E+08   0.23751489E+08
  -0.18369973E+02   0.23206982E+08   0.23210934E+08   0.23210304E+08
  -0.18346924E+02   0.22678114E+08   0.22682057E+08   0.22681450E+08
  -0.18323875E+02   0.22161296E+08   0.22165230E+08   0.22164646E+08
  -0.18300826E+02   0.21656255E+08   0.21660180E+08   0.21659618E+08
  -0.18277778E+02   0.21162721E+08   0.21166637E+08   0.21166097E+08
  -0.18254729E+02   0.20680433E+08   0.20684340E+08   0.20683821E+08
  -0.18231680E+02   0.20209134E+08   0.20213032E+08   0.20212534E+08
  -0.18208631E+02   0.19748574E+08   0.19752463E+08   0.19751985E+08
  -0.18185582E+02   0.19298508E+08   0.19302388E+08   0.19301930E+08
  -0.18162533E+02   0.18858698E+08   0.18862568E+08   0.18862130E+08
  -0.18139484E+02   0.18428908E+08   0.18432770E+08   0.18432351E+08
  -0.18116435E+02   0.18008912E+08   0.18012764E+08   0.18012364E+08
  -0.18093386E+02   0.17598486E+08   0.17602329E+08   0.17601947E+08
  -0.18070337E+02   0.17197412E+08   0.17201246E+08   0.17200881E+08
  -0.18047289E+02   0.16805476E+08   0.16809301E+08   0.16808954E+08
  -0.18024240E+02   0.16422471E+08   0.16426287E+08   0.16425957E+08
  -0.18001191E+02   0.16048194E+08   0.16052000E+08   0.16051686E+08
  -0.17978142E+02   0.15682444E+08   0.15686241E+08   0.15685944E+08
  -0.17955093E+02   0.15325028E+08   0.15328816E+08   0.15328535E+08
  -0.17932044E+02   0.14975757E+08   0.14979536E+08   0.14979270E+08
  -0.17908995E+02   0.14634444E+08   0.14638213E+08   0.14637962E+08
  -0.17885946E+02   0.14300908E+08   0.14304668E+08   0.14304432E+08
  -0.17862897E+02   0.13974972E+08   0.13978723E+08   0.13978501E+08
  -0.17839848E+02   0.13656462E+08   0.13660204E+08   0.13659997E+08
  -0.17816800E+02   0.13345210E+08   0.13348943E+08   0.13348750E+08
  -0.17793751E+02   0.13041051E+08   0.13044775E+08   0.13044594E+08
  -0.17770702E+02   0.12743822E+08   0.12747536E+08   0.12747369E+08
  -0.17747653E+02   0.12453365E+08   0.12457071E+08   0.12456917E+08
  -0.17724604E+02   0.12169527E+08   0.12173224E+08   0.12173082E+08
  -0.17701555E+02   0.11892157E+08   0.11895844E+08   0.11895715E+08
  -0.17678506E+02   0.11621107E+08   0.11624785E+08   0.11624667E+08
  -0.17655457E+02   0.11356232E+08   0.11359901E+08   0.11359796E+08
  -0.17632408E+02   0.11097394E+08   0.11101054E+08   0.11100959E+08
  -0.17609359E+02   0.10844453E+08   0.10848104E+08   0.10848020E+08
  -0.17586311E+02   0.10597276E+08   0.10600917E+08   0.10600845E+08
  -0.17563262E+02   0.10355731E+08   0.10359363E+08   0.10359302E+08
  -0.17540213E+02   0.10119690E+08   0.10123313E+08   0.10123262E+08
  -0.17517164E+02   0.98890269E+07   0.98926410E+07   0.98926001E+07
  -0.17494115E+02   0.96636202E+07   0.96672251E+07   0.96671943E+07
  -0.17471066E+02   0.94433497E+07   0.94469454E+07   0.94469243E+07
  -0.17448017E+02   0.92280983E+07   0.92316849E+07   0.92316733E+07
  -0.17424968E+02   0.90177516E+07   0.90213291E+07   0.90213268E+07
  -0.17401919E+02   0.88121980E+07   0.88157663E+07   0.88157731E+07
  -0.17378870E+02   0.86113282E+07   0.86148873E+07   0.86149031E+07
  -0.17355822E+02   0.84150355E+07   0.84185855E+07   0.84186099E+07
  -0.17332773E+02   0.82232156E+07   0.82267564E+07   0.82267893E+07
  -0.17309724E+02   0.80357666E+07   0.80392982E+07   0.80393394E+07
  -0.17286675E+02   0.78525888E+07   0.78561113E+07   0.78561606E+07
  -0.17263626E+02   0.76735850E+07   0.76770984E+07   0.76771556E+07
  -0.17240577E+02   0.74986601E+07   0.75021643E+07   0.75022293E+07
  -0.17217528E+02   0.73277211E+07   0.73312162E+07   0.73312887E+07
  -0.17194479E+02   0.71606773E+07   0.71641632E+07   0.71642431E+07
  -0.17171430E+02   0.69974397E+07   0.70009165E+07   0.70010037E+07
  -0.17148381E+02   0.68379218E+07   0.68413894E+07   0.68414837E+07
  -0.17125333E+02   0.66820388E+07   0.66854973E+07   0.66855984E+07
  -0.17102284E+02   0.65297078E+07   0.65331571E+07   0.65332650E+07
  -0.17079235E+02   0.63808480E+07   0.63842881E+07   0.63844026E+07
  -0.17056186E+02   0.62353801E+07   0.62388111E+07   0.62389320E+07
  -0.17033137E+02   0.60932270E+07   0.60966489E+07   0.60967761E+07
  -0.17010088E+02   0.59543132E+07   0.59577258E+07   0.59578592E+07
  -0.16987039E+02   0.58185647E+07   0.58219682E+07   0.58221075E+07
  -0.16963990E+02   0.56859095E+07   0.56893039E+07   0.56894491E+07
  -0.16940941E+02   0.55562771E+07   0.55596623E+07   0.55598132E+07
  -0.16917892E+02   0.54295986E+07   0.54329747E+07   0.54331312E+07
  -0.16894844E+02   0.53058067E+07   0.53091736E+07   0.53093357E+07
  -0.16871795E+02   0.51848357E+07   0.51881935E+07   0.51883608E+07
  -0.16848746E+02   0.50666212E+07   0.50699698E+07   0.50701425E+07
  -0.16825697E+02   0.49511005E+07   0.49544400E+07   0.49546177E+07
  -0.16802648E+02   0.48382122E+07   0.48415425E+07   0.48417253E+07
  -0.16779599E+02   0.47278963E+07   0.47312175E+07   0.47314051E+07
  -0.16756550E+02   0.46200942E+07   0.46234062E+07   0.46235986E+07
  -0.16733501E+02   0.45147486E+07   0.45180514E+07   0.45182485E+07
  -0.16710452E+02   0.44118035E+07   0.44150972E+07   0.44152988E+07
  -0.16687403E+02   0.43112043E+07   0.43144889E+07   0.43146949E+07
  -0.16664355E+02   0.42128975E+07   0.42161729E+07   0.42163833E+07
  -0.16641306E+02   0.41168308E+07   0.41200970E+07   0.41203117E+07
  -0.16618257E+02   0.40229532E+07   0.40262103E+07   0.40264291E+07
  -0.16595208E+02   0.39312149E+07   0.39344629E+07   0.39346857E+07
  -0.16572159E+02   0.38415671E+07   0.38448059E+07   0.38450327E+07
  -0.16549110E+02   0.37539621E+07   0.37571918E+07   0.37574225E+07
  -0.16526061E+02   0.36683535E+07   0.36715740E+07   0.36718085E+07
  -0.16503012E+02   0.35846957E+07   0.35879070E+07   0.35881452E+07
  -0.16479963E+02   0.35029442E+07   0.35061464E+07   0.35063882E+07
  -0.16456914E+02   0.34230557E+07   0.34262488E+07   0.34264941E+07
  -0.16433866E+02   0.33449877E+07   0.33481716E+07   0.33484204E+07
  -0.16410817E+02   0.32686987E+07   0.32718734E+07   0.32721256E+07
  -0.16387768E+02   0.31941482E+07   0.31973138E+07   0.31975692E+07
  -0.16364719E+02   0.31212965E+07   0.31244530E+07   0.31247116E+07
  -0.16341670E+02   0.30501050E+07   0.30532523E+07   0.30535141E+07
  -0.16318621E+02   0.29805358E+07   0.29836740E+07   0.29839389E+07
  -0.16295572E+02   0.29125520E+07   0.29156810E+07   0.29159489E+07
  -0.16272523E+02   0.28461175E+07   0.28492373E+07   0.28495081E+07
  -0.16249474E+02   0.27811968E+07   0.27843075E+07   0.27845813E+07
  -0.16226425E+02   0.27177556E+07   0.27208572E+07   0.27211335E+07
  -0.16203377E+02   0.26557602E+07   0.26588526E+07   0.26591325E+07
  -0.16180328E+02   0.25951775E+07   0.25982608E+07   0.25985405E+07
  -0.16157279E+02   0.25359755E+07   0.25390496E+07   0.25393414E+07
  -0.16134230E+02   0.24781226E+07   0.24811875E+07   0.24814509E+07
  -0.16111181E+02   0.24215881E+07   0.24246439E+07   0.24250094E+07
  -0.16088132E+02   0.23663419E+07   0.23693886E+07   0.23694432E+07
  -0.16065083E+02   0.23123548E+07   0.23153923E+07   0.23164058E+07
  -0.16042034E+02   0.22595980E+07   0.22626263E+07   0.22608486E+07
  -0.16018985E+02   0.22080434E+07   0.22110627E+07   0.22168824E+07
  -0.15995936E+02   0.21576642E+07   0.21606739E+07   0.21484735E+07
  -0.15972888E+02   0.21084294E+07   0.21116910E+07   0.21119942E+07
  -0.15949839E+02   0.20603165E+07   0.20633145E+07   0.20756799E+07
  -0.15926790E+02   0.20133038E+07   0.20162922E+07   0.20113642E+07
  -0.15903741E+02   0.19673620E+07   0.19703414E+07   0.19725788E+07
  -0.15880692E+02   0.19224673E+07   0.19254375E+07   0.19250952E+07
  -0.15857643E+02   0.18785957E+07   0.18815568E+07   0.18820816E+07
  -0.15834594E+02   0.18357240E+07   0.18386759E+07   0.18389254E+07
  -0.15811545E+02   0.17938293E+07   0.17967721E+07   0.17971096E+07
  -0.15788496E+02   0.17528894E+07   0.17558230E+07   0.17561361E+07
  -0.15765447E+02   0.17128825E+07   0.17158070E+07   0.17161297E+07
  -0.15742399E+02   0.16737875E+07   0.16767028E+07   0.16770249E+07
  -0.15719350E+02   0.16355834E+07   0.16384896E+07   0.16388140E+07
  -0.15696301E+02   0.15982500E+07   0.16011470E+07   0.16014730E+07
  -0.15673252E+02   0.15617675E+07   0.15646554E+07   0.15649830E+07
  -0.15650203E+02   0.15261164E+07   0.15289952E+07   0.15293243E+07
  -0.15627154E+02   0.14912779E+07   0.14941475E+07   0.14944782E+07
  -0.15604105E+02   0.14572334E+07   0.14600939E+07   0.14604261E+07
  -0.15581056E+02   0.14239648E+07   0.14268162E+07   0.14271498E+07
  -0.15558007E+02   0.13914545E+07   0.13942967E+07   0.13946318E+07
  -0.15534958E+02   0.13596851E+07   0.13625182E+07   0.13628547E+07
  -0.15511910E+02   0.13286399E+07   0.13314637E+07   0.13318016E+07
  -0.15488861E+02   0.12983022E+07   0.13011169E+07   0.13014561E+07
  -0.15465812E+02   0.12686559E+07   0.12714615E+07   0.12718020E+07
  -0.15442763E+02   0.12396854E+07   0.12424818E+07   0.12428236E+07
  -0.15419714E+02   0.12113752E+07   0.12141625E+07   0.12145055E+07
  -0.15396665E+02   0.11837102E+07   0.11864884E+07   0.11868326E+07
  -0.15373616E+02   0.11566758E+07   0.11594448E+07   0.11597902E+07
  -0.15350567E+02   0.11302576E+07   0.11330175E+07   0.11333641E+07
  -0.15327518E+02   0.11044416E+07   0.11071923E+07   0.11075400E+07
  -0.15304469E+02   0.10792140E+07   0.10819555E+07   0.10823044E+07
  -0.15281421E+02   0.10545614E+07   0.10572938E+07   0.10576437E+07
  -0.15258372E+02   0.10304707E+07   0.10331940E+07   0.10335450E+07
  -0.15235323E+02   0.10069292E+07   0.10096433E+07   0.10099953E+07
  -0.15212274E+02   0.98392428E+06   0.98662927E+06   0.98698227E+06
  -0.15189225E+02   0.96144374E+06   0.96413959E+06   0.96449357E+06
  -0.15166176E+02   0.93947563E+06   0.94216233E+06   0.94251728E+06
  -0.15143127E+02   0.91800828E+06   0.92068584E+06   0.92104172E+06
  -0.15120078E+02   0.89703028E+06   0.89969870E+06   0.90005550E+06
  -0.15097029E+02   0.87653048E+06   0.87918975E+06   0.87954745E+06
  -0.15073980E+02   0.85649798E+06   0.85914811E+06   0.85950668E+06
  -0.15050932E+02   0.83692213E+06   0.83956312E+06   0.83992255E+06
  -0.15027883E+02   0.81779254E+06   0.82042439E+06   0.82078465E+06
  -0.15004834E+02   0.79909903E+06   0.80172173E+06   0.80208280E+06
  -0.14981785E+02   0.78083166E+06   0.78344522E+06   0.78380709E+06
  -0.14958736E+02   0.76298072E+06   0.76558515E+06   0.76594780E+06
  -0.14935687E+02   0.74553674E+06   0.74813203E+06   0.74849543E+06
  -0.14912638E+02   0.72849043E+06   0.73107658E+06   0.73144072E+06
  -0.14889589E+02   0.71183273E+06   0.71440974E+06   0.71477461E+06
  -0.14866540E+02   0.69555479E+06   0.69812266E+06   0.69848823E+06
  -0.14843491E+02   0.67964796E+06   0.68220669E+06   0.68257295E+06
  -0.14820443E+02   0.66410378E+06   0.66665337E+06   0.66702031E+06
  -0.14797394E+02   0.64891399E+06   0.65145444E+06   0.65182203E+06
  -0.14774345E+02   0.63407050E+06   0.63660182E+06   0.63697005E+06
  -0.14751296E+02   0.61956544E+06   0.62208762E+06   0.62245648E+06
  -0.14728247E+02   0.60539109E+06   0.60790414E+06   0.60827360E+06
  -0.14705198E+02   0.59153992E+06   0.59404382E+06   0.59441388E+06
  -0.14682149E+02   0.57800455E+06   0.58049932E+06   0.58086997E+06
  -0.14659100E+02   0.56477780E+06   0.56726344E+06   0.56763465E+06
  -0.14636051E+02   0.55185264E+06   0.55432914E+06   0.55470090E+06
  -0.14613002E+02   0.53922219E+06   0.54168955E+06   0.54206185E+06
  -0.14589954E+02   0.52687973E+06   0.52933796E+06   0.52971079E+06
  -0.14566905E+02   0.51481871E+06   0.51726781E+06   0.51764115E+06
  -0.14543856E+02   0.50303271E+06   0.50547268E+06   0.50584652E+06
  -0.14520807E+02   0.49151547E+06   0.49394630E+06   0.49432063E+06
  -0.14497758E+02   0.48026085E+06   0.48268256E+06   0.48305736E+06
  -0.14474709E+02   0.46926289E+06   0.47167546E+06   0.47205073E+06
  -0.14451660E+02   0.45851573E+06   0.46091916E+06   0.46129489E+06
  -0.14428611E+02   0.44801365E+06   0.45040796E+06   0.45078412E+06
  -0.14405562E+02   0.43775107E+06   0.44013625E+06   0.44051285E+06
  -0.14382513E+02   0.42772254E+06   0.43009859E+06   0.43047560E+06
  -0.14359465E+02   0.41792272E+06   0.42028964E+06   0.42066706E+06
  -0.14336416E+02   0.40834639E+06   0.41070418E+06   0.41108201E+06
  -0.14313367E+02   0.39898848E+06   0.40133714E+06   0.40171535E+06
  -0.14290318E+02   0.38984399E+06   0.39218353E+06   0.39256212E+06
  -0.14267269E+02   0.38090808E+06   0.38323849E+06   0.38361745E+06
  -0.14244220E+02   0.37217598E+06   0.37449726E+06   0.37487658E+06
  -0.14221171E+02   0.36364305E+06   0.36595521E+06   0.36633487E+06
  -0.14198122E+02   0.35530475E+06   0.35760779E+06   0.35798779E+06
  -0.14175073E+02   0.34715665E+06   0.34945057E+06   0.34983090E+06
  -0.14152024E+02   0.33919442E+06   0.34147921E+06   0.34185987E+06
  -0.14128976E+02   0.33141382E+06   0.33368949E+06   0.33407045E+06
  -0.14105927E+02   0.32381071E+06   0.32607725E+06   0.32645853E+06
  -0.14082878E+02   0.31638104E+06   0.31863847E+06   0.31902004E+06
  -0.14059829E+02   0.30912087E+06   0.31136918E+06   0.31175103E+06
  -0.14036780E+02   0.30202634E+06   0.30426552E+06   0.30464766E+06
  -0.14013731E+02   0.29509366E+06   0.29732373E+06   0.29770613E+06
  -0.13990682E+02   0.28831915E+06   0.29054010E+06   0.29092277E+06
  -0.13967633E+02   0.28169921E+06   0.28391104E+06   0.28429397E+06
  -0.13944584E+02   0.27523032E+06   0.27743303E+06   0.27781621E+06
  -0.13921535E+02   0.26890902E+06   0.27110263E+06   0.27148604E+06
  -0.13898487E+02   0.26273197E+06   0.26491646E+06   0.26530011E+06
  -0.13875438E+02   0.25669588E+06   0.25887125E+06   0.25925513E+06
  -0.13852389E+02   0.25079752E+06   0.25296378E+06   0.25334788E+06
  -0.13829340E+02   0.24503377E+06   0.24719092E+06   0.24757523E+06
  -0.13806291E+02   0.23940155E+06   0.24154960E+06   0.24193411E+06
  -0.13783242E+02   0.23389788E+06   0.23603681E+06   0.23642152E+06
  -0.13760193E+02   0.22851981E+06   0.23064964E+06   0.23103454E+06
  -0.13737144E+02   0.22326449E+06   0.22538521E+06   0.22577030E+06
  -0.13714095E+02   0.21812913E+06   0.22024074E+06   0.22062601E+06
  -0.13691046E+02   0.21311098E+06   0.21521349E+06   0.21559893E+06
  -0.13667998E+02   0.20820738E+06   0.21030078E+06   0.21068639E+06
  -0.13644949E+02   0.20341571E+06   0.20550002E+06   0.20588579E+06
  -0.13621900E+02   0.19873344E+06   0.20080864E+06   0.20119456E+06
  -0.13598851E+02   0.19415806E+06   0.19622416E+06   0.19661023E+06
  -0.13575802E+02   0.18968713E+06   0.19174414E+06   0.19213035E+06
  -0.13552753E+02   0.18531829E+06   0.18736620E+06   0.18775255E+06
  -0.13529704E+02   0.18104920E+06   0.18308801E+06   0.18347449E+06
  -0.13506655E+02   0.17687759E+06   0.17890730E+06   0.17929391E+06
  -0.13483606E+02   0.17280123E+06   0.17482186E+06   0.17520859E+06
  -0.13460558E+02   0.16881797E+06   0.17082950E+06   0.17121634E+06
  -0.13437509E+02   0.16492567E+06   0.16692811E+06   0.16731506E+06
  -0.13414460E+02   0.16112227E+06   0.16311562E+06   0.16350267E+06
  -0.13391411E+02   0.15740573E+06   0.15939000E+06   0.15977715E+06
  -0.13368362E+02   0.15377409E+06   0.15574927E+06   0.15613651E+06
  -0.13345313E+02   0.15022540E+06   0.15219149E+06   0.15257883E+06
  -0.13322264E+02   0.14675777E+06   0.14871478E+06   0.14910220E+06
  -0.13299215E+02   0.14336936E+06   0.14531729E+06   0.14570479E+06
  -0.13276166E+02   0.14005837E+06   0.14199722E+06   0.14238479E+06
  -0.13253117E+02   0.13682302E+06   0.13875280E+06   0.13914043E+06
  -0.13230069E+02   0.13366160E+06   0.13558230E+06   0.13597000E+06
  -0.13207020E+02   0.13057242E+06   0.13248405E+06   0.13287180E+06
  -0.13183971E+02   0.12755384E+06   0.12945639E+06   0.12984420E+06
  -0.13160922E+02   0.12460424E+06   0.12649772E+06   0.12688557E+06
  -0.13137873E+02   0.12172205E+06   0.12360647E+06   0.12399436E+06
  -0.13114824E+02   0.11890574E+06   0.12078109E+06   0.12116903E+06
  -0.13091775E+02   0.11615381E+06   0.11802010E+06   0.11840807E+06
  -0.13068726E+02   0.11346479E+06   0.11532202E+06   0.11571001E+06
  -0.13045677E+02   0.11083725E+06   0.11268541E+06   0.11307343E+06
  -0.13022628E+02   0.10826978E+06   0.11010889E+06   0.11049692E+06
  -0.12999580E+02   0.10576102E+06   0.10759107E+06   0.10797912E+06
  -0.12976531E+02   0.10330963E+06   0.10513063E+06   0.10551869E+06
  -0.12953482E+02   0.10091430E+06   0.10272625E+06   0.10311431E+06
  -0.12930433E+02   0.98573755E+05   0.10037665E+06   0.10076471E+06
  -0.12907384E+02   0.96286746E+05   0.98080599E+05   0.98468653E+05
  -0.12884335E+02   0.94052053E+05   0.95836863E+05   0.96224907E+05
  -0.12861286E+02   0.91868485E+05   0.93644254E+05   0.94032282E+05
  -0.12838237E+02   0.89734875E+05   0.91501606E+05   0.91889614E+05
  -0.12815188E+02   0.87650087E+05   0.89407782E+05   0.89795766E+05
  -0.12792139E+02   0.85613007E+05   0.87361669E+05   0.87749623E+05
  -0.12769091E+02   0.83622548E+05   0.85362180E+05   0.85750100E+05
  -0.12746042E+02   0.81677648E+05   0.83408253E+05   0.83796134E+05
  -0.12722993E+02   0.79777269E+05   0.81498850E+05   0.81886686E+05
  -0.12699944E+02   0.77920396E+05   0.79632956E+05   0.80020743E+05
  -0.12676895E+02   0.76106038E+05   0.77809580E+05   0.78197313E+05
  -0.12653846E+02   0.74333227E+05   0.76027753E+05   0.76415428E+05
  -0.12630797E+02   0.72601014E+05   0.74286529E+05   0.74674140E+05
  -0.12607748E+02   0.70908476E+05   0.72584982E+05   0.72972525E+05
  -0.12584699E+02   0.69254708E+05   0.70922209E+05   0.71309679E+05
  -0.12561650E+02   0.67638827E+05   0.69297326E+05   0.69684717E+05
  -0.12538602E+02   0.66059970E+05   0.67709470E+05   0.68096778E+05
  -0.12515553E+02   0.64517292E+05   0.66157798E+05   0.66545016E+05
  -0.12492504E+02   0.63009969E+05   0.64641484E+05   0.65028609E+05
  -0.12469455E+02   0.61537196E+05   0.63159724E+05   0.63546750E+05
  -0.12446406E+02   0.60098185E+05   0.61711729E+05   0.62098652E+05
  -0.12423357E+02   0.58692168E+05   0.60296732E+05   0.60683545E+05
  -0.12400308E+02   0.57318391E+05   0.58913980E+05   0.59300678E+05
  -0.12377259E+02   0.55976121E+05   0.57562738E+05   0.57949316E+05
  -0.12354210E+02   0.54664639E+05   0.56242289E+05   0.56628742E+05
  -0.12331161E+02   0.53383244E+05   0.54951931E+05   0.55338253E+05
  -0.12308113E+02   0.52131250E+05   0.53690979E+05   0.54077164E+05
  -0.12285064E+02   0.50907987E+05   0.52458762E+05   0.52844805E+05
  -0.12262015E+02   0.49712801E+05   0.51254626E+05   0.51640521E+05
  -0.12238966E+02   0.48545051E+05   0.50077931E+05   0.50463673E+05
  -0.12215917E+02   0.47404112E+05   0.48928053E+05   0.49313635E+05
  -0.12192868E+02   0.46289374E+05   0.47804379E+05   0.48189797E+05
  -0.12169819E+02   0.45200239E+05   0.46706314E+05   0.47091560E+05
  -0.12146770E+02   0.44136123E+05   0.45633274E+05   0.46018343E+05
  -0.12123721E+02   0.43096457E+05   0.44584688E+05   0.44969574E+05
  -0.12100672E+02   0.42080684E+05   0.43560000E+05   0.43944697E+05
  -0.12077624E+02   0.41088258E+05   0.42558665E+05   0.42943166E+05
  -0.12054575E+02   0.40118648E+05   0.41580151E+05   0.41964451E+05
  -0.12031526E+02   0.39171333E+05   0.40623939E+05   0.41008030E+05
  -0.12008477E+02   0.38245806E+05   0.39689520E+05   0.40073396E+05
  -0.11985428E+02   0.37341570E+05   0.38776398E+05   0.39160053E+05
  -0.11962379E+02   0.36458139E+05   0.37884088E+05   0.38267514E+05
  -0.11939330E+02   0.35595040E+05   0.37012116E+05   0.37395307E+05
  -0.11916281E+02   0.34751810E+05   0.36160018E+05   0.36542967E+05
  -0.11893232E+02   0.33927994E+05   0.35327342E+05   0.35710042E+05
  -0.11870183E+02   0.33123151E+05   0.34513645E+05   0.34896089E+05
  -0.11847135E+02   0.32336848E+05   0.33718495E+05   0.34100676E+05
  -0.11824086E+02   0.31568663E+05   0.32941470E+05   0.33323380E+05
  -0.11801037E+02   0.30818183E+05   0.32182157E+05   0.32563788E+05
  -0.11777988E+02   0.30085004E+05   0.31440152E+05   0.31821497E+05
  -0.11754939E+02   0.29368731E+05   0.30715061E+05   0.31096113E+05
  -0.11731890E+02   0.28668980E+05   0.30006499E+05   0.30387249E+05
  -0.11708841E+02   0.27985374E+05   0.29314090E+05   0.29694531E+05
  -0.11685792E+02   0.27317544E+05   0.28637465E+05   0.29017588E+05
  -0.11662743E+02   0.26665131E+05   0.27976265E+05   0.28356063E+05
  -0.11639694E+02   0.26027784E+05   0.27330139E+05   0.27709602E+05
  -0.11616646E+02   0.25405159E+05   0.26698744E+05   0.27077864E+05
  -0.11593597E+02   0.24796920E+05   0.26081743E+05   0.26460513E+05
  -0.11570548E+02   0.24202739E+05   0.25478810E+05   0.25857220E+05
  -0.11547499E+02   0.23622297E+05   0.24889624E+05   0.25267664E+05
  -0.11524450E+02   0.23055279E+05   0.24313872E+05   0.24691534E+05
  -0.11501401E+02   0.22501380E+05   0.23751247E+05   0.24128522E+05
  -0.11478352E+02   0.21960301E+05   0.23201452E+05   0.23578330E+05
  -0.11455303E+02   0.21431748E+05   0.22664194E+05   0.23040665E+05
  -0.11432254E+02   0.20915437E+05   0.22139187E+05   0.22515243E+05
  -0.11409205E+02   0.20411088E+05   0.21626153E+05   0.22001782E+05
  -0.11386157E+02   0.19918429E+05   0.21124819E+05   0.21500012E+05
  -0.11363108E+02   0.19437193E+05   0.20634918E+05   0.21009665E+05
  -0.11340059E+02   0.18967119E+05   0.20156191E+05   0.20530481E+05
  -0.11317010E+02   0.18507953E+05   0.19688382E+05   0.20062205E+05
  -0.11293961E+02   0.18059446E+05   0.19231244E+05   0.19604589E+05
  -0.11270912E+02   0.17621355E+05   0.18784534E+05   0.19157390E+05
  -0.11247863E+02   0.17193442E+05   0.18348013E+05   0.18720369E+05
  -0.11224814E+02   0.16775475E+05   0.17921451E+05   0.18293296E+05
  -0.11201765E+02   0.16367228E+05   0.17504621E+05   0.17875942E+05
  -0.11178716E+02   0.15968478E+05   0.17097300E+05   0.17468087E+05
  -0.11155668E+02   0.15579008E+05   0.16699273E+05   0.17069514E+05
  -0.11132619E+02   0.15198608E+05   0.16310329E+05   0.16680011E+05
  -0.11109570E+02   0.14827070E+05   0.15930259E+05   0.16299371E+05
  -0.11086521E+02   0.14464191E+05   0.15558864E+05   0.15927392E+05
  -0.11063472E+02   0.14109775E+05   0.15195944E+05   0.15563876E+05
  -0.11040423E+02   0.13763628E+05   0.14841308E+05   0.15208631E+05
  -0.11017374E+02   0.13425561E+05   0.14494767E+05   0.14861468E+05
  -0.10994325E+02   0.13095391E+05   0.14156136E+05   0.14522202E+05
  -0.10971276E+02   0.12772935E+05   0.13825236E+05   0.14190653E+05
  -0.10948227E+02   0.12458020E+05   0.13501891E+05   0.13866646E+05
  -0.10925179E+02   0.12150471E+05   0.13185929E+05   0.13550007E+05
  -0.10902130E+02   0.11850122E+05   0.12877183E+05   0.13240570E+05
  -0.10879081E+02   0.11556807E+05   0.12575487E+05   0.12938169E+05
  -0.10856032E+02   0.11270367E+05   0.12280682E+05   0.12642645E+05
  -0.10832983E+02   0.10990643E+05   0.11992612E+05   0.12353840E+05
  -0.10809934E+02   0.10717483E+05   0.11711122E+05   0.12071600E+05
  -0.10786885E+02   0.10450737E+05   0.11436063E+05   0.11795777E+05
  -0.10763836E+02   0.10190257E+05   0.11167290E+05   0.11526223E+05
  -0.10740787E+02   0.99359020E+04   0.10904659E+05   0.11262796E+05
  -0.10717738E+02   0.96875305E+04   0.10648031E+05   0.11005356E+05
  -0.10694690E+02   0.94450061E+04   0.10397269E+05   0.10753766E+05
  -0.10671641E+02   0.92081952E+04   0.10152240E+05   0.10507892E+05
  -0.10648592E+02   0.89769671E+04   0.99128141E+04   0.10267605E+05
  -0.10625543E+02   0.87511942E+04   0.96788634E+04   0.10032776E+05
  -0.10602494E+02   0.85307517E+04   0.94502637E+04   0.98032806E+04
  -0.10579445E+02   0.83155177E+04   0.92268936E+04   0.95789977E+04
  -0.10556396E+02   0.81053729E+04   0.90086343E+04   0.93598080E+04
  -0.10533347E+02   0.79002011E+04   0.87953697E+04   0.91455953E+04
  -0.10510298E+02   0.76998882E+04   0.85869864E+04   0.89362458E+04
  -0.10487249E+02   0.75043232E+04   0.83833737E+04   0.87316485E+04
  -0.10464201E+02   0.73133973E+04   0.81844231E+04   0.85316949E+04
  -0.10441152E+02   0.71270043E+04   0.79900290E+04   0.83362790E+04
  -0.10418103E+02   0.69450404E+04   0.78000879E+04   0.81452972E+04
  -0.10395054E+02   0.67674040E+04   0.76144988E+04   0.79586481E+04
  -0.10372005E+02   0.65939961E+04   0.74331630E+04   0.77762330E+04
  -0.10348956E+02   0.64247196E+04   0.72559839E+04   0.75979549E+04
  -0.10325907E+02   0.62594800E+04   0.70828674E+04   0.74237196E+04
  -0.10302858E+02   0.60981845E+04   0.69137212E+04   0.72534346E+04
  -0.10279809E+02   0.59407428E+04   0.67484555E+04   0.70870097E+04
  -0.10256760E+02   0.57870664E+04   0.65869822E+04   0.69243568E+04
  -0.10233712E+02   0.56370689E+04   0.64292154E+04   0.67653897E+04
  -0.10210663E+02   0.54906659E+04   0.62750711E+04   0.66100243E+04
  -0.10187614E+02   0.53477748E+04   0.61244673E+04   0.64581782E+04
  -0.10164565E+02   0.52083149E+04   0.59773237E+04   0.63097711E+04
  -0.10141516E+02   0.50722073E+04   0.58335620E+04   0.61647244E+04
  -0.10118467E+02   0.49393751E+04   0.56931056E+04   0.60229614E+04
  -0.10095418E+02   0.48097429E+04   0.55558797E+04   0.58844071E+04
  -0.10072369E+02   0.46832370E+04   0.54218112E+04   0.57489883E+04
  -0.10049320E+02   0.45597856E+04   0.52908287E+04   0.56166332E+04
  -0.10026271E+02   0.44393183E+04   0.51628623E+04   0.54872720E+04
  -0.10003223E+02   0.43217663E+04   0.50378438E+04   0.53608363E+04
  -0.99801736E+01   0.42070626E+04   0.49157066E+04   0.52372593E+04
  -0.99571247E+01   0.40951414E+04   0.47963855E+04   0.51164756E+04
  -0.99340758E+01   0.39859387E+04   0.46798169E+04   0.49984217E+04
  -0.99110269E+01   0.38793915E+04   0.45659385E+04   0.48830350E+04
  -0.98879780E+01   0.37754387E+04   0.44546897E+04   0.47702548E+04
  -0.98649291E+01   0.36740204E+04   0.43460109E+04   0.46600216E+04
  -0.98418802E+01   0.35750779E+04   0.42398442E+04   0.45522772E+04
  -0.98188313E+01   0.34785540E+04   0.41361329E+04   0.44469648E+04
  -0.97957824E+01   0.33843928E+04   0.40348216E+04   0.43440291E+04
  -0.97727335E+01   0.32925396E+04   0.39358560E+04   0.42434157E+04
  -0.97496846E+01   0.32029409E+04   0.38391833E+04   0.41450717E+04
  -0.97266357E+01   0.31155445E+04   0.37447517E+04   0.40489454E+04
  -0.97035868E+01   0.30302993E+04   0.36525108E+04   0.39549863E+04
  -0.96805379E+01   0.29471553E+04   0.35624112E+04   0.38631449E+04
  -0.96574890E+01   0.28660639E+04   0.34744045E+04   0.37733729E+04
  -0.96344401E+01   0.27869772E+04   0.33884437E+04   0.36856234E+04
  -0.96113912E+01   0.27098487E+04   0.33044826E+04   0.35998502E+04
  -0.95883423E+01   0.26346328E+04   0.32224762E+04   0.35160083E+04
  -0.95652934E+01   0.25612850E+04   0.31423806E+04   0.34340539E+04
  -0.95422445E+01   0.24897616E+04   0.30641527E+04   0.33539439E+04
  -0.95191956E+01   0.24200202E+04   0.29877504E+04   0.32756365E+04
  -0.94961467E+01   0.23520192E+04   0.29131327E+04   0.31990907E+04
  -0.94730978E+01   0.22857178E+04   0.28402595E+04   0.31242664E+04
  -0.94500489E+01   0.22210764E+04   0.27690915E+04   0.30511247E+04
  -0.94270000E+01   0.21580560E+04   0.26995904E+04   0.29796273E+04
  -0.94039511E+01   0.20966187E+04   0.26317187E+04   0.29097370E+04
  -0.93809022E+01   0.20367273E+04   0.25654399E+04   0.28414173E+04
  -0.93578533E+01   0.19783456E+04   0.25007180E+04   0.27746326E+04
  -0.93348044E+01   0.19214380E+04   0.24375181E+04   0.27093483E+04
  -0.93117555E+01   0.18659699E+04   0.23758061E+04   0.26455304E+04
  -0.92887066E+01   0.18119074E+04   0.23155485E+04   0.25831457E+04
  -0.92656577E+01   0.17592173E+04   0.22567126E+04   0.25221619E+04
  -0.92426088E+01   0.17078673E+04   0.21992666E+04   0.24625473E+04
  -0.92195599E+01   0.16578255E+04   0.21431792E+04   0.24042712E+04
  -0.91965110E+01   0.16090612E+04   0.20884199E+04   0.23473033E+04
  -0.91734621E+01   0.15615440E+04   0.20349589E+04   0.22916142E+04
  -0.91504132E+01   0.15152443E+04   0.19827671E+04   0.22371752E+04
  -0.91273643E+01   0.14701333E+04   0.19318160E+04   0.21839581E+04
  -0.91043154E+01   0.14261825E+04   0.18820777E+04   0.21319356E+04
  -0.90812665E+01   0.13833645E+04   0.18335250E+04   0.20810809E+04
  -0.90582176E+01   0.13416522E+04   0.17861313E+04   0.20313678E+04
  -0.90351687E+01   0.13010191E+04   0.17398705E+04   0.19827708E+04
  -0.90121198E+01   0.12614395E+04   0.16947173E+04   0.19352650E+04
  -0.89890709E+01   0.12228880E+04   0.16506468E+04   0.18888259E+04
  -0.89660220E+01   0.11853401E+04   0.16076346E+04   0.18434300E+04
  -0.89429731E+01   0.11487717E+04   0.15656569E+04   0.17990539E+04
  -0.89199242E+01   0.11131590E+04   0.15246907E+04   0.17556749E+04
  -0.88968753E+01   0.10784792E+04   0.14847130E+04   0.17132710E+04
  -0.88738264E+01   0.10447096E+04   0.14457016E+04   0.16718205E+04
  -0.88507775E+01   0.10118283E+04   0.14076350E+04   0.16313023E+04
  -0.88277286E+01   0.97981364E+03   0.13704917E+04   0.15916959E+04
  -0.88046797E+01   0.94864469E+03   0.13342510E+04   0.15529811E+04
  -0.87816308E+01   0.91830083E+03   0.12988926E+04   0.15151382E+04
  -0.87585819E+01   0.88876197E+03   0.12643967E+04   0.14781480E+04
  -0.87355330E+01   0.86000845E+03   0.12307436E+04   0.14419919E+04
  -0.87124841E+01   0.83202106E+03   0.11979146E+04   0.14066516E+04
  -0.86894352E+01   0.80478103E+03   0.11658909E+04   0.13721091E+04
  -0.86663863E+01   0.77827001E+03   0.11346544E+04   0.13383471E+04
  -0.86433374E+01   0.75247005E+03   0.11041873E+04   0.13053484E+04
  -0.86202885E+01   0.72736363E+03   0.10744721E+04   0.12730965E+04
  -0.85972396E+01   0.70293361E+03   0.10454919E+04   0.12415751E+04
  -0.85741907E+01   0.67916324E+03   0.10172300E+04   0.12107684E+04
  -0.85511418E+01   0.65603615E+03   0.98967007E+03   0.11806607E+04
  -0.85280929E+01   0.63353635E+03   0.96279623E+03   0.11512371E+04
  -0.85050440E+01   0.61164821E+03   0.93659287E+03   0.11224826E+04
  -0.84819951E+01   0.59035645E+03   0.91104471E+03   0.10943830E+04
  -0.84589462E+01   0.56964613E+03   0.88613684E+03   0.10669239E+04
  -0.84358973E+01   0.54950268E+03   0.86185464E+03   0.10400917E+04
  -0.84128484E+01   0.52991184E+03   0.83818383E+03   0.10138729E+04
  -0.83897995E+01   0.51085966E+03   0.81511041E+03   0.98825430E+03
  -0.83667506E+01   0.49233255E+03   0.79262071E+03   0.96322304E+03
  -0.83437017E+01   0.47431721E+03   0.77070132E+03   0.93876655E+03
  -0.83206528E+01   0.45680064E+03   0.74933915E+03   0.91487255E+03
  -0.82976039E+01   0.43977014E+03   0.72852137E+03   0.89152903E+03
  -0.82745550E+01   0.42321332E+03   0.70823542E+03   0.86872424E+03
  -0.82515061E+01   0.40711806E+03   0.68846902E+03   0.84644671E+03
  -0.82284572E+01   0.39147251E+03   0.66921014E+03   0.82468522E+03
  -0.82054083E+01   0.37626513E+03   0.65044702E+03   0.80342880E+03
  -0.81823594E+01   0.36148462E+03   0.63216814E+03   0.78266671E+03
  -0.81593105E+01   0.34711994E+03   0.61436223E+03   0.76238846E+03
  -0.81362616E+01   0.33316032E+03   0.59701826E+03   0.74258378E+03
  -0.81132127E+01   0.31959524E+03   0.58012541E+03   0.72324264E+03
  -0.80901638E+01   0.30641443E+03   0.56367313E+03   0.70435521E+03
  -0.80671149E+01   0.29360785E+03   0.54765107E+03   0.68591185E+03
  -0.80440660E+01   0.28116569E+03   0.53204910E+03   0.66790327E+03
  -0.80210171E+01   0.26907840E+03   0.51685730E+03   0.65031992E+03
  -0.79979682E+01   0.25733663E+03   0.50206597E+03   0.63315373E+03
  -0.79749193E+01   0.24593126E+03   0.48766562E+03   0.61639347E+03
  -0.79518704E+01   0.23485339E+03   0.47364697E+03   0.60003469E+03
  -0.79288215E+01   0.22409432E+03   0.46000085E+03   0.58406536E+03
  -0.79057726E+01   0.21364557E+03   0.44671844E+03   0.56847724E+03
  -0.78827237E+01   0.20349885E+03   0.43379097E+03   0.55326496E+03
  -0.78596748E+01   0.19364610E+03   0.42120994E+03   0.53841763E+03
  -0.78366259E+01   0.18407941E+03   0.40896697E+03   0.52392965E+03
  -0.78135770E+01   0.17479108E+03   0.39705389E+03   0.50979201E+03
  -0.77905281E+01   0.16577362E+03   0.38546272E+03   0.49599801E+03
  -0.77674792E+01   0.15701969E+03   0.37418560E+03   0.48254010E+03
  -0.77444303E+01   0.14852213E+03   0.36321489E+03   0.46941132E+03
  -0.77213814E+01   0.14027398E+03   0.35254306E+03   0.45660481E+03
  -0.76983325E+01   0.13226844E+03   0.34216277E+03   0.44411411E+03
  -0.76752836E+01   0.12449885E+03   0.33206681E+03   0.43193320E+03
  -0.76522347E+01   0.11695876E+03   0.32224809E+03   0.42005693E+03
  -0.76291858E+01   0.10964185E+03   0.31269964E+03   0.40848151E+03
  -0.76061369E+01   0.10254197E+03   0.30341453E+03   0.39720618E+03
  -0.75830880E+01   0.95653133E+02   0.29438580E+03   0.38623474E+03
  -0.75600391E+01   0.88969515E+02   0.28560625E+03   0.37558470E+03
  -0.75369902E+01   0.82485458E+02   0.27706808E+03   0.36528650E+03
  -0.75139413E+01   0.76195501E+02   0.26876207E+03   0.35544857E+03
  -0.74908924E+01   0.70094427E+02   0.26067590E+03   0.34617737E+03
  -0.74678435E+01   0.64177368E+02   0.25279050E+03   0.33811987E+03
  -0.74447946E+01   0.58440052E+02   0.24507214E+03   0.33137616E+03
  -0.74217457E+01   0.52879271E+02   0.23745489E+03   0.33018365E+03
  -0.73986968E+01   0.47494177E+02   0.22980193E+03   0.33209882E+03
  -0.73756479E+01   0.42288166E+02   0.22182110E+03   0.36400490E+03
  -0.73525990E+01   0.37276379E+02   0.21289108E+03   0.40546686E+03
  -0.73295501E+01   0.32483435E+02   0.20269199E+03   0.48575887E+03
  -0.73065012E+01   0.27951675E+02   0.19011675E+03   0.60132750E+03
  -0.72834523E+01   0.23737386E+02   0.17520415E+03   0.69446723E+03
  -0.72604034E+01   0.19890042E+02   0.15837317E+03   0.76512335E+03
  -0.72373545E+01   0.16445710E+02   0.14037610E+03   0.79667369E+03
  -0.72143056E+01   0.13421387E+02   0.12206815E+03   0.79181230E+03
  -0.71912567E+01   0.10814960E+02   0.10423274E+03   0.75581527E+03
  -0.71682078E+01   0.86080912E+01   0.87483267E+02   0.69757475E+03
  -0.71451589E+01   0.67705958E+01   0.72234452E+02   0.62561781E+03
  -0.71221100E+01   0.52648926E+01   0.58718121E+02   0.54724066E+03
  -0.70990611E+01   0.40498392E+01   0.47017742E+02   0.46804172E+03
  -0.70760122E+01   0.30837197E+01   0.37105547E+02   0.39207299E+03
  -0.70529633E+01   0.23264182E+01   0.28875544E+02   0.32207192E+03
  -0.70299144E+01   0.17408932E+01   0.22171075E+02   0.25969722E+03
  -0.70068655E+01   0.12940772E+01   0.16807356E+02   0.20573019E+03
  -0.69838166E+01   0.95730816E+00   0.12589562E+02   0.16026106E+03
  -0.69607677E+01   0.70639333E+00   0.93266695E+01   0.12286961E+03
  -0.69377188E+01   0.52140126E+00   0.68412402E+01   0.92797411E+02
  -0.69146699E+01   0.38627253E+00   0.49754473E+01   0.69101302E+02
  -0.68916210E+01   0.28832971E+00   0.35938955E+01   0.50777990E+02
  -0.68685721E+01   0.21775238E+00   0.25839621E+01   0.36854735E+02
  -0.68455232E+01   0.16706546E+00   0.18544272E+01   0.26447023E+02
  -0.68224743E+01   0.13067196E+00   0.13330994E+01   0.18788168E+02
  -0.67994254E+01   0.10444639E+00   0.96400322E+00   0.13237694E+02
  -0.67763765E+01   0.85394003E-01   0.70453708E+00   0.92755386E+01
  -0.67533277E+01   0.71373302E-01   0.52285497E+00   0.64884362E+01
  -0.67302788E+01   0.60875069E-01   0.39559102E+00   0.45537625E+01
  -0.67072299E+01   0.52849623E-01   0.30594549E+00   0.32243656E+01
  -0.66841810E+01   0.46574366E-01   0.24209561E+00   0.23155459E+01
  -0.66611321E+01   0.41554641E-01   0.19588912E+00   0.16935211E+01
  -0.66380832E+01   0.37451695E-01   0.16179573E+00   0.12645640E+01
  -0.66150343E+01   0.34032000E-01   0.13610022E+00   0.96489933E+00
  -0.65919854E+01   0.31132593E-01   0.11631219E+00   0.75202109E+00
  -0.65689365E+01   0.28637902E-01   0.10075409E+00   0.59790331E+00
  -0.65458876E+01   0.26464417E-01   0.88283968E-01   0.48409943E+00
  -0.65228387E+01   0.24550600E-01   0.78113206E-01   0.39840247E+00
  -0.64997898E+01   0.22850201E-01   0.69687960E-01   0.33264973E+00
  -0.64767409E+01   0.21327798E-01   0.62612260E-01   0.28130759E+00
  -0.64536920E+01   0.19955779E-01   0.56597836E-01   0.24056574E+00
  -0.64306431E+01   0.18712263E-01   0.51431082E-01   0.20775695E+00
  -0.64075942E+01   0.17579653E-01   0.46951014E-01   0.18098277E+00
  -0.63845453E+01   0.16543604E-01   0.43034363E-01   0.15886958E+00
  -0.63614964E+01   0.15592277E-01   0.39585329E-01   0.14040762E+00
  -0.63384475E+01   0.14715798E-01   0.36528437E-01   0.12484336E+00
  -0.63153986E+01   0.13905849E-01   0.33803469E-01   0.11160638E+00
  -0.62923497E+01   0.13155358E-01   0.31361825E-01   0.10025909E+00
  -0.62693008E+01   0.12458267E-01   0.29163866E-01   0.90461618E-01
  -0.62462519E+01   0.11809348E-01   0.27176946E-01   0.81946887E-01
  -0.62232030E+01   0.11204058E-01   0.25373945E-01   0.74502799E-01
  -0.62001541E+01   0.10638428E-01   0.23732145E-01   0.67959232E-01
  -0.61771052E+01   0.10108968E-01   0.22232376E-01   0.62178476E-01
  -0.61540563E+01   0.96125985E-02   0.20858353E-01   0.57048113E-01
  -0.61310074E+01   0.91465853E-02   0.19596150E-01   0.52475644E-01
  -0.61079585E+01   0.87084925E-02   0.18433792E-01   0.48384409E-01
  -0.60849096E+01   0.82961409E-02   0.17360924E-01   0.44710438E-01
  -0.60618607E+01   0.79075740E-02   0.16368547E-01   0.41400017E-01
  -0.60388118E+01   0.75410291E-02   0.15448805E-01   0.38407775E-01
  -0.60157629E+01   0.71949131E-02   0.14594809E-01   0.35695176E-01
  -0.59927140E+01   0.68677822E-02   0.13800491E-01   0.33229325E-01
  -0.59696651E+01   0.65583237E-02   0.13060491E-01   0.30982000E-01
  -0.59466162E+01   0.62653416E-02   0.12370050E-01   0.28928881E-01
  -0.59235673E+01   0.59877434E-02   0.11724937E-01   0.27048923E-01
  -0.59005184E+01   0.57245288E-02   0.11121369E-01   0.25323836E-01
  -0.58774695E+01   0.54747797E-02   0.10555962E-01   0.23737667E-01
  -0.58544206E+01   0.52376524E-02   0.10025675E-01   0.22276450E-01
  -0.58313717E+01   0.50123695E-02   0.95277678E-02   0.20927917E-01
  -0.58083228E+01   0.47982135E-02   0.90597692E-02   0.19681257E-01
  -0.57852739E+01   0.45945215E-02   0.86194410E-02   0.18526912E-01
  -0.57622250E+01   0.44006793E-02   0.82047529E-02   0.17456407E-01
  -0.57391761E+01   0.42161177E-02   0.78138594E-02   0.16462209E-01
  -0.57161272E+01   0.40403077E-02   0.74450791E-02   0.15537600E-01
  -0.56930783E+01   0.38727578E-02   0.70968773E-02   0.14676577E-01
  -0.56700294E+01   0.37130100E-02   0.67678503E-02   0.13873763E-01
  -0.56469805E+01   0.35606374E-02   0.64567121E-02   0.13124327E-01
  -0.56239316E+01   0.34152415E-02   0.61622825E-02   0.12423923E-01
  -0.56008827E+01   0.32764497E-02   0.58834766E-02   0.11768630E-01
  -0.55778338E+01   0.31439138E-02   0.56192954E-02   0.11154905E-01
  -0.55547849E+01   0.30173073E-02   0.53688179E-02   0.10579540E-01
  -0.55317360E+01   0.28963244E-02   0.51311933E-02   0.10039623E-01
  -0.55086871E+01   0.27806779E-02   0.49056352E-02   0.95325090E-02
  -0.54856382E+01   0.26700983E-02   0.46914153E-02   0.90557892E-02
  -0.54625893E+01   0.25643321E-02   0.44878583E-02   0.86072667E-02
  -0.54395404E+01   0.24631408E-02   0.42943374E-02   0.81849348E-02
  -0.54164915E+01   0.23662999E-02   0.41102701E-02   0.77869574E-02
  -0.53934426E+01   0.22735979E-02   0.39351144E-02   0.74116526E-02
  -0.53703937E+01   0.21848352E-02   0.37683657E-02   0.70574769E-02
  -0.53473448E+01   0.20998236E-02   0.36095531E-02   0.67230122E-02
  -0.53242959E+01   0.20183852E-02   0.34582375E-02   0.64069535E-02
  -0.53012470E+01   0.19403520E-02   0.33140083E-02   0.61080990E-02
  -0.52781981E+01   0.18655652E-02   0.31764820E-02   0.58253397E-02
  -0.52551492E+01   0.17938745E-02   0.30452993E-02   0.55576516E-02
  -0.52321003E+01   0.17251375E-02   0.29201237E-02   0.53040882E-02
  -0.52090514E+01   0.16592195E-02   0.28006398E-02   0.50637728E-02
  -0.51860025E+01   0.15959927E-02   0.26865516E-02   0.48358934E-02
  -0.51629536E+01   0.15353360E-02   0.25775811E-02   0.46196968E-02
  -0.51399047E+01   0.14771346E-02   0.24734672E-02   0.44144832E-02
  -0.51168558E+01   0.14212792E-02   0.23739641E-02   0.42196026E-02
  -0.50938069E+01   0.13676664E-02   0.22788406E-02   0.40344500E-02
  -0.50707580E+01   0.13161977E-02   0.21878792E-02   0.38584619E-02
  -0.50477091E+01   0.12667796E-02   0.21008745E-02   0.36911132E-02
  -0.50246602E+01   0.12193231E-02   0.20176330E-02   0.35319140E-02
  -0.50016113E+01   0.11737436E-02   0.19379723E-02   0.33804068E-02
  -0.49785624E+01   0.11299607E-02   0.18617200E-02   0.32361643E-02
  -0.49555135E+01   0.10878975E-02   0.17887132E-02   0.30987865E-02
  -0.49324646E+01   0.10474812E-02   0.17187980E-02   0.29678993E-02
  -0.49094157E+01   0.10086421E-02   0.16518288E-02   0.28431522E-02
  -0.48863668E+01   0.97131392E-03   0.15876679E-02   0.27242167E-02
  -0.48633179E+01   0.93543350E-03   0.15261850E-02   0.26107845E-02
  -0.48402690E+01   0.90094053E-03   0.14672564E-02   0.25025666E-02
  -0.48172201E+01   0.86777748E-03   0.14107652E-02   0.23992910E-02
  -0.47941712E+01   0.83588948E-03   0.13566003E-02   0.23007024E-02
  -0.47711223E+01   0.80522413E-03   0.13046566E-02   0.22065606E-02
  -0.47480734E+01   0.77573139E-03   0.12548341E-02   0.21166396E-02
  -0.47250245E+01   0.74736347E-03   0.12070380E-02   0.20307266E-02
  -0.47019756E+01   0.72007472E-03   0.11611782E-02   0.19486208E-02
  -0.46789267E+01   0.69382149E-03   0.11171692E-02   0.18701334E-02
  -0.46558778E+01   0.66856208E-03   0.10749295E-02   0.17950858E-02
  -0.46328289E+01   0.64425661E-03   0.10343819E-02   0.17233098E-02
  -0.46097800E+01   0.62086692E-03   0.99545286E-03   0.16546465E-02
  -0.45867311E+01   0.59835652E-03   0.95807224E-03   0.15889456E-02
  -0.45636822E+01   0.57669051E-03   0.92217346E-03   0.15260652E-02
  -0.45406333E+01   0.55583546E-03   0.88769304E-03   0.14658710E-02
  -0.45175844E+01   0.53575938E-03   0.85457053E-03   0.14082362E-02
  -0.44945355E+01   0.51643165E-03   0.82274834E-03   0.13530404E-02
  -0.44714866E+01   0.49782293E-03   0.79217155E-03   0.13001697E-02
  -0.44484377E+01   0.47990512E-03   0.76278782E-03   0.12495164E-02
  -0.44253888E+01   0.46265130E-03   0.73454722E-03   0.12009782E-02
  -0.44023399E+01   0.44603569E-03   0.70740211E-03   0.11544581E-02
  -0.43792910E+01   0.43003356E-03   0.68130704E-03   0.11098642E-02
  -0.43562421E+01   0.41462120E-03   0.65621862E-03   0.10671092E-02
  -0.43331932E+01   0.39977591E-03   0.63209541E-03   0.10261102E-02
  -0.43101443E+01   0.38547588E-03   0.60889786E-03   0.98678861E-03
  -0.42870954E+01   0.37170024E-03   0.58658816E-03   0.94906962E-03
  -0.42640465E+01   0.35842892E-03   0.56513019E-03   0.91288220E-03
  -0.42409976E+01   0.34564270E-03   0.54448943E-03   0.87815879E-03
  -0.42179487E+01   0.33332313E-03   0.52463287E-03   0.84483516E-03
  -0.41948998E+01   0.32145250E-03   0.50552896E-03   0.81285018E-03
  -0.41718509E+01   0.31001381E-03   0.48714751E-03   0.78214571E-03
  -0.41488020E+01   0.29899074E-03   0.46945964E-03   0.75266635E-03
  -0.41257531E+01   0.28836763E-03   0.45243773E-03   0.72435939E-03
  -0.41027042E+01   0.27812944E-03   0.43605533E-03   0.69717460E-03
  -0.40796553E+01   0.26826172E-03   0.42028713E-03   0.67106410E-03
  -0.40566064E+01   0.25875060E-03   0.40510890E-03   0.64598230E-03
  -0.40335575E+01   0.24958274E-03   0.39049742E-03   0.62188568E-03
  -0.40105086E+01   0.24074534E-03   0.37643046E-03   0.59873278E-03
  -0.39874597E+01   0.23222610E-03   0.36288673E-03   0.57648403E-03
  -0.39644108E+01   0.22401320E-03   0.34984583E-03   0.55510168E-03
  -0.39413619E+01   0.21609527E-03   0.33728820E-03   0.53454969E-03
  -0.39183130E+01   0.20846139E-03   0.32519509E-03   0.51479367E-03
  -0.38952641E+01   0.20110106E-03   0.31354855E-03   0.49580076E-03
  -0.38722152E+01   0.19400419E-03   0.30233133E-03   0.47753960E-03
  -0.38491663E+01   0.18716108E-03   0.29152693E-03   0.45998022E-03
  -0.38261174E+01   0.18056239E-03   0.28111950E-03   0.44309396E-03
  -0.38030685E+01   0.17419915E-03   0.27109384E-03   0.42685346E-03
  -0.37800196E+01   0.16806274E-03   0.26143535E-03   0.41123255E-03
  -0.37569707E+01   0.16214485E-03   0.25213007E-03   0.39620621E-03
  -0.37339218E+01   0.15643749E-03   0.24316454E-03   0.38175049E-03
  -0.37108729E+01   0.15093299E-03   0.23452590E-03   0.36784251E-03
  -0.36878240E+01   0.14562394E-03   0.22620175E-03   0.35446036E-03
  -0.36647751E+01   0.14050326E-03   0.21818024E-03   0.34158308E-03
  -0.36417262E+01   0.13556408E-03   0.21044994E-03   0.32919060E-03
  -0.36186773E+01   0.13079982E-03   0.20299991E-03   0.31726371E-03
  -0.35956284E+01   0.12620416E-03   0.19581963E-03   0.30578403E-03
  -0.35725795E+01   0.12177098E-03   0.18889899E-03   0.29473394E-03
  -0.35495306E+01   0.11749441E-03   0.18222828E-03   0.28409656E-03
  -0.35264817E+01   0.11336880E-03   0.17579819E-03   0.27385573E-03
  -0.35034328E+01   0.10938872E-03   0.16959974E-03   0.26399596E-03
  -0.34803839E+01   0.10554892E-03   0.16362434E-03   0.25450241E-03
  -0.34573350E+01   0.10184435E-03   0.15786369E-03   0.24536084E-03
  -0.34342861E+01   0.98270159E-04   0.15230984E-03   0.23655764E-03
  -0.34112372E+01   0.94821670E-04   0.14695515E-03   0.22807970E-03
  -0.33881883E+01   0.91494376E-04   0.14179227E-03   0.21991450E-03
  -0.33651394E+01   0.88283939E-04   0.13681411E-03   0.21205000E-03
  -0.33420905E+01   0.85186180E-04   0.13201389E-03   0.20447467E-03
  -0.33190416E+01   0.82197072E-04   0.12738507E-03   0.19717745E-03
  -0.32959927E+01   0.79312740E-04   0.12292137E-03   0.19014770E-03
  -0.32729438E+01   0.76529446E-04   0.11861672E-03   0.18337524E-03
  -0.32498949E+01   0.73843593E-04   0.11446532E-03   0.17685029E-03
  -0.32268460E+01   0.71251712E-04   0.11046157E-03   0.17056346E-03
  -0.32037971E+01   0.68750465E-04   0.10660008E-03   0.16450574E-03
  -0.31807482E+01   0.66336630E-04   0.10287567E-03   0.15866846E-03
  -0.31576993E+01   0.64007108E-04   0.99283365E-04   0.15304333E-03
  -0.31346504E+01   0.61758908E-04   0.95818358E-04   0.14762237E-03
  -0.31116015E+01   0.59589150E-04   0.92476034E-04   0.14239790E-03
  -0.30885526E+01   0.57495057E-04   0.89251949E-04   0.13736256E-03
  -0.30655037E+01   0.55473956E-04   0.86141824E-04   0.13250928E-03
  -0.30424548E+01   0.53523265E-04   0.83141542E-04   0.12783127E-03
  -0.30194059E+01   0.51640500E-04   0.80247139E-04   0.12332200E-03
  -0.29963570E+01   0.49823264E-04   0.77454797E-04   0.11897518E-03
  -0.29733081E+01   0.48069248E-04   0.74760842E-04   0.11478479E-03
  -0.29502592E+01   0.46376225E-04   0.72161735E-04   0.11074504E-03
  -0.29272103E+01   0.44742049E-04   0.69654068E-04   0.10685034E-03
  -0.29041614E+01   0.43164649E-04   0.67234559E-04   0.10309534E-03
  -0.28811125E+01   0.41642030E-04   0.64900049E-04   0.99474883E-04
  -0.28580636E+01   0.40172270E-04   0.62647493E-04   0.95984025E-04
  -0.28350147E+01   0.38753512E-04   0.60473958E-04   0.92617999E-04
  -0.28119658E+01   0.37383968E-04   0.58376621E-04   0.89372224E-04
  -0.27889169E+01   0.36061914E-04   0.56352760E-04   0.86242292E-04
  -0.27658680E+01   0.34785685E-04   0.54399755E-04   0.83223967E-04
  -0.27428191E+01   0.33553680E-04   0.52515079E-04   0.80313170E-04
  -0.27197702E+01   0.32364350E-04   0.50696300E-04   0.77505979E-04
  -0.26967213E+01   0.31216203E-04   0.48941073E-04   0.74798620E-04
  -0.26736724E+01   0.30107803E-04   0.47247140E-04   0.72187461E-04
  -0.26506235E+01   0.29037760E-04   0.45612322E-04   0.69669009E-04
  -0.26275746E+01   0.28004737E-04   0.44034522E-04   0.67239899E-04
  -0.26045257E+01   0.27007443E-04   0.42511718E-04   0.64896896E-04
  -0.25814768E+01   0.26044633E-04   0.41041961E-04   0.62636885E-04
  -0.25584279E+01   0.25115106E-04   0.39623374E-04   0.60456865E-04
  -0.25353790E+01   0.24217703E-04   0.38254144E-04   0.58353952E-04
  -0.25123301E+01   0.23351308E-04   0.36932528E-04   0.56325366E-04
  -0.24892812E+01   0.22514842E-04   0.35656843E-04   0.54368432E-04
  -0.24662323E+01   0.21707266E-04   0.34425467E-04   0.52480573E-04
  -0.24431834E+01   0.20927576E-04   0.33236837E-04   0.50659310E-04
  -0.24201345E+01   0.20174804E-04   0.32089444E-04   0.48902254E-04
  -0.23970856E+01   0.19448017E-04   0.30981837E-04   0.47207105E-04
  -0.23740367E+01   0.18746314E-04   0.29912613E-04   0.45571648E-04
  -0.23509878E+01   0.18068827E-04   0.28880421E-04   0.43993749E-04
  -0.23279389E+01   0.17414716E-04   0.27883958E-04   0.42471354E-04
  -0.23048900E+01   0.16783173E-04   0.26921968E-04   0.41002483E-04
  -0.22818411E+01   0.16173417E-04   0.25993239E-04   0.39585231E-04
  -0.22587922E+01   0.15584695E-04   0.25096602E-04   0.38217759E-04
  -0.22357433E+01   0.15016281E-04   0.24230931E-04   0.36898300E-04
  -0.22126944E+01   0.14467473E-04   0.23395138E-04   0.35625148E-04
  -0.21896455E+01   0.13937595E-04   0.22588175E-04   0.34396662E-04
  -0.21665966E+01   0.13425994E-04   0.21809031E-04   0.33211258E-04
  -0.21435477E+01   0.12932041E-04   0.21056730E-04   0.32067412E-04
  -0.21204988E+01   0.12455126E-04   0.20330332E-04   0.30963655E-04
  -0.20974499E+01   0.11994665E-04   0.19628928E-04   0.29898570E-04
  -0.20744010E+01   0.11550091E-04   0.18951644E-04   0.28870794E-04
  -0.20513521E+01   0.11120857E-04   0.18297633E-04   0.27879011E-04
  -0.20283032E+01   0.10706437E-04   0.17666082E-04   0.26921954E-04
  -0.20052543E+01   0.10306323E-04   0.17056205E-04   0.25998401E-04
  -0.19822054E+01   0.99200233E-05   0.16467241E-04   0.25107175E-04
  -0.19591565E+01   0.95470644E-05   0.15898460E-04   0.24247141E-04
  -0.19361076E+01   0.91869896E-05   0.15349154E-04   0.23417204E-04
  -0.19130587E+01   0.88393578E-05   0.14818643E-04   0.22616311E-04
  -0.18900098E+01   0.85037434E-05   0.14306269E-04   0.21843443E-04
  -0.18669609E+01   0.81797358E-05   0.13811397E-04   0.21097622E-04
  -0.18439120E+01   0.78669387E-05   0.13333414E-04   0.20377901E-04
  -0.18208631E+01   0.75649696E-05   0.12871730E-04   0.19683368E-04
  -0.17978142E+01   0.72734594E-05   0.12425774E-04   0.19013146E-04
  -0.17747653E+01   0.69920521E-05   0.11994996E-04   0.18366387E-04
  -0.17517164E+01   0.67204040E-05   0.11578863E-04   0.17742272E-04
  -0.17286675E+01   0.64581834E-05   0.11176864E-04   0.17140015E-04
  -0.17056186E+01   0.62050704E-05   0.10788503E-04   0.16558853E-04
  -0.16825697E+01   0.59607561E-05   0.10413303E-04   0.15998053E-04
  -0.16595208E+01   0.57249425E-05   0.10050801E-04   0.15456908E-04
  -0.16364719E+01   0.54973421E-05   0.97005545E-05   0.14934734E-04
  -0.16134230E+01   0.52776774E-05   0.93621320E-05   0.14430873E-04
  -0.15903741E+01   0.50656807E-05   0.90351193E-05   0.13944688E-04
  -0.15673252E+01   0.48610937E-05   0.87191160E-05   0.13475565E-04
  -0.15442763E+01   0.46636671E-05   0.84137356E-05   0.13022911E-04
  -0.15212274E+01   0.44731603E-05   0.81186052E-05   0.12586154E-04
  -0.14981785E+01   0.42893412E-05   0.78333648E-05   0.12164740E-04
  -0.14751296E+01   0.41119861E-05   0.75576668E-05   0.11758136E-04
  -0.14520807E+01   0.39408787E-05   0.72911758E-05   0.11365825E-04
  -0.14290318E+01   0.37758107E-05   0.70335683E-05   0.10987308E-04
  -0.14059829E+01   0.36165808E-05   0.67845317E-05   0.10622103E-04
  -0.13829340E+01   0.34629952E-05   0.65437646E-05   0.10269743E-04
  -0.13598851E+01   0.33148664E-05   0.63109763E-05   0.99297760E-05
  -0.13368362E+01   0.31720139E-05   0.60858860E-05   0.96017650E-05
  -0.13137873E+01   0.30342634E-05   0.58682231E-05   0.92852868E-05
  -0.12907384E+01   0.29014467E-05   0.56577265E-05   0.89799311E-05
  -0.12676895E+01   0.27734015E-05   0.54541445E-05   0.86853000E-05
  -0.12446406E+01   0.26499713E-05   0.52572342E-05   0.84010079E-05
  -0.12215917E+01   0.25310051E-05   0.50667617E-05   0.81266803E-05
  -0.11985428E+01   0.24163571E-05   0.48825014E-05   0.78619536E-05
  -0.11754939E+01   0.23058865E-05   0.47042363E-05   0.76064745E-05
  -0.11524450E+01   0.21994577E-05   0.45317571E-05   0.73598993E-05
  -0.11293961E+01   0.20969396E-05   0.43648624E-05   0.71218938E-05
  -0.11063472E+01   0.19982057E-05   0.42033585E-05   0.68921324E-05
  -0.10832983E+01   0.19031340E-05   0.40470589E-05   0.66702979E-05
  -0.10602494E+01   0.18116066E-05   0.38957846E-05   0.64560813E-05
  -0.10372005E+01   0.17235096E-05   0.37493634E-05   0.62491809E-05
  -0.10141516E+01   0.16387332E-05   0.36076302E-05   0.60493025E-05
  -0.99110269E+00   0.15571710E-05   0.34704263E-05   0.58561589E-05
  -0.96805379E+00   0.14787205E-05   0.33375998E-05   0.56694697E-05
  -0.94500489E+00   0.14032825E-05   0.32090050E-05   0.54889609E-05
  -0.92195599E+00   0.13307610E-05   0.30845026E-05   0.53143654E-05
  -0.89890709E+00   0.12610633E-05   0.29639593E-05   0.51454221E-05
  -0.87585819E+00   0.11940996E-05   0.28472477E-05   0.49818765E-05
  -0.85280929E+00   0.11297829E-05   0.27342464E-05   0.48234806E-05
  -0.82976039E+00   0.10680292E-05   0.26248393E-05   0.46699930E-05
  -0.80671149E+00   0.10087568E-05   0.25189161E-05   0.45211791E-05
  -0.78366259E+00   0.95188676E-06   0.24163717E-05   0.43768113E-05
  -0.76061369E+00   0.89734223E-06   0.23171061E-05   0.42366694E-05
  -0.73756479E+00   0.84504881E-06   0.22210243E-05   0.41005412E-05
  -0.71451589E+00   0.79493413E-06   0.21280362E-05   0.39682223E-05
  -0.69146699E+00   0.74692791E-06   0.20380563E-05   0.38395172E-05
  -0.66841810E+00   0.70096173E-06   0.19510034E-05   0.37142397E-05
  -0.64536920E+00   0.65696905E-06   0.18668006E-05   0.35922131E-05
  -0.62232030E+00   0.61488500E-06   0.17853748E-05   0.34732710E-05
  -0.59927140E+00   0.57464640E-06   0.17066567E-05   0.33572580E-05
  -0.57622250E+00   0.53619159E-06   0.16305805E-05   0.32440295E-05
  -0.55317360E+00   0.49946041E-06   0.15570835E-05   0.31334530E-05
  -0.53012470E+00   0.46439411E-06   0.14861060E-05   0.30254080E-05
  -0.50707580E+00   0.43093527E-06   0.14175909E-05   0.29197860E-05
  -0.48402690E+00   0.39902779E-06   0.13514835E-05   0.28164915E-05
  -0.46097800E+00   0.36861677E-06   0.12877310E-05   0.27154410E-05
  -0.43792910E+00   0.33964852E-06   0.12262826E-05   0.26165640E-05
  -0.41488020E+00   0.31207052E-06   0.11670888E-05   0.25198016E-05
  -0.39183130E+00   0.28583135E-06   0.11101014E-05   0.24251072E-05
  -0.36878240E+00   0.26088070E-06   0.10552732E-05   0.23324451E-05
  -0.34573350E+00   0.23716934E-06   0.10025577E-05   0.22417904E-05
  -0.32268460E+00   0.21464912E-06   0.95190868E-06   0.21531275E-05
  -0.29963570E+00   0.19327292E-06   0.90328037E-06   0.20664501E-05
  -0.27658680E+00   0.17299470E-06   0.85662698E-06   0.19817588E-05
  -0.25353790E+00   0.15376948E-06   0.81190266E-06   0.18990623E-05
  -0.23048900E+00   0.13555331E-06   0.76906129E-06   0.18183690E-05
  -0.20744010E+00   0.11830334E-06   0.72805643E-06   0.17397120E-05
  -0.18439120E+00   0.10197776E-06   0.68884122E-06   0.16630498E-05
  -0.16134230E+00   0.86535885E-07   0.65136833E-06   0.15886311E-05
  -0.13829340E+00   0.71938097E-07   0.61558993E-06   0.15156279E-05
  -0.11524450E+00   0.58145896E-07   0.58145774E-06   0.14472307E-05
  -0.92195599E-01   0.45121901E-07   0.54892299E-06   0.13716273E-05
  -0.69146699E-01   0.32829859E-07   0.51793652E-06   0.13329882E-05
  -0.46097800E-01   0.21234652E-07   0.48844886E-06   0.11665373E-05
  -0.23048900E-01   0.10302308E-07   0.46041029E-06   0.14872866E-05
   0.00000000E+00   0.00000000E+00   0.43377094E-06   0.00000000E+00
