  -0.23025851E+02   0.00000000E+00
  -0.23002802E+02   0.00000000E+00
  -0.22979753E+02   0.00000000E+00
  -0.22956704E+02   0.00000000E+00
  -0.22933655E+02   0.00000000E+00
  -0.22910606E+02   0.00000000E+00
  -0.22887558E+02   0.00000000E+00
  -0.22864509E+02   0.00000000E+00
  -0.22841460E+02   0.00000000E+00
  -0.22818411E+02   0.00000000E+00
  -0.22795362E+02   0.00000000E+00
  -0.22772313E+02   0.00000000E+00
  -0.22749264E+02   0.00000000E+00
  -0.22726215E+02   0.00000000E+00
  -0.22703166E+02   0.00000000E+00
  -0.22680117E+02   0.00000000E+00
  -0.22657069E+02   0.00000000E+00
  -0.22634020E+02   0.00000000E+00
  -0.22610971E+02   0.00000000E+00
  -0.22587922E+02   0.00000000E+00
  -0.22564873E+02   0.00000000E+00
  -0.22541824E+02   0.00000000E+00
  -0.22518775E+02   0.00000000E+00
  -0.22495726E+02   0.00000000E+00
  -0.22472677E+02   0.00000000E+00
  -0.22449628E+02   0.00000000E+00
  -0.22426580E+02   0.00000000E+00
  -0.22403531E+02   0.00000000E+00
  -0.22380482E+02   0.00000000E+00
  -0.22357433E+02   0.00000000E+00
  -0.22334384E+02   0.00000000E+00
  -0.22311335E+02   0.00000000E+00
  -0.22288286E+02   0.00000000E+00
  -0.22265237E+02   0.00000000E+00
  -0.22242188E+02   0.00000000E+00
  -0.22219139E+02   0.00000000E+00
  -0.22196091E+02   0.00000000E+00
  -0.22173042E+02   0.00000000E+00
  -0.22149993E+02   0.00000000E+00
  -0.22126944E+02   0.00000000E+00
  -0.22103895E+02   0.00000000E+00
  -0.22080846E+02   0.00000000E+00
  -0.22057797E+02   0.00000000E+00
  -0.22034748E+02   0.00000000E+00
  -0.22011699E+02   0.00000000E+00
  -0.21988650E+02   0.00000000E+00
  -0.21965602E+02   0.00000000E+00
  -0.21942553E+02   0.00000000E+00
  -0.21919504E+02   0.00000000E+00
  -0.21896455E+02   0.00000000E+00
  -0.21873406E+02   0.00000000E+00
  -0.21850357E+02   0.00000000E+00
  -0.21827308E+02   0.00000000E+00
  -0.21804259E+02   0.00000000E+00
  -0.21781210E+02   0.00000000E+00
  -0.21758161E+02   0.00000000E+00
  -0.21735113E+02   0.00000000E+00
  -0.21712064E+02   0.00000000E+00
  -0.21689015E+02   0.00000000E+00
  -0.21665966E+02   0.00000000E+00
  -0.21642917E+02   0.00000000E+00
  -0.21619868E+02   0.00000000E+00
  -0.21596819E+02   0.00000000E+00
  -0.21573770E+02   0.00000000E+00
  -0.21550721E+02   0.00000000E+00
  -0.21527672E+02   0.00000000E+00
  -0.21504624E+02   0.00000000E+00
  -0.21481575E+02   0.00000000E+00
  -0.21458526E+02   0.00000000E+00
  -0.21435477E+02   0.00000000E+00
  -0.21412428E+02   0.00000000E+00
  -0.21389379E+02   0.00000000E+00
  -0.21366330E+02   0.00000000E+00
  -0.21343281E+02   0.00000000E+00
  -0.21320232E+02   0.00000000E+00
  -0.21297183E+02   0.00000000E+00
  -0.21274135E+02   0.00000000E+00
  -0.21251086E+02   0.00000000E+00
  -0.21228037E+02   0.00000000E+00
  -0.21204988E+02   0.00000000E+00
  -0.21181939E+02   0.00000000E+00
  -0.21158890E+02   0.00000000E+00
  -0.21135841E+02   0.00000000E+00
  -0.21112792E+02   0.00000000E+00
  -0.21089743E+02   0.00000000E+00
  -0.21066694E+02   0.00000000E+00
  -0.21043646E+02   0.00000000E+00
  -0.21020597E+02   0.00000000E+00
  -0.20997548E+02   0.00000000E+00
  -0.20974499E+02   0.00000000E+00
  -0.20951450E+02   0.00000000E+00
  -0.20928401E+02   0.00000000E+00
  -0.20905352E+02   0.00000000E+00
  -0.20882303E+02   0.00000000E+00
  -0.20859254E+02   0.00000000E+00
  -0.20836205E+02   0.00000000E+00
  -0.20813157E+02   0.00000000E+00
  -0.20790108E+02   0.00000000E+00
  -0.20767059E+02   0.00000000E+00
  -0.20744010E+02   0.00000000E+00
  -0.20720961E+02   0.00000000E+00
  -0.20697912E+02   0.00000000E+00
  -0.20674863E+02   0.00000000E+00
  -0.20651814E+02   0.00000000E+00
  -0.20628765E+02   0.00000000E+00
  -0.20605716E+02   0.00000000E+00
  -0.20582668E+02   0.00000000E+00
  -0.20559619E+02   0.00000000E+00
  -0.20536570E+02   0.00000000E+00
  -0.20513521E+02   0.00000000E+00
  -0.20490472E+02   0.00000000E+00
  -0.20467423E+02   0.00000000E+00
  -0.20444374E+02   0.00000000E+00
  -0.20421325E+02   0.00000000E+00
  -0.20398276E+02   0.00000000E+00
  -0.20375227E+02   0.00000000E+00
  -0.20352179E+02   0.00000000E+00
  -0.20329130E+02   0.00000000E+00
  -0.20306081E+02   0.00000000E+00
  -0.20283032E+02   0.00000000E+00
  -0.20259983E+02   0.00000000E+00
  -0.20236934E+02   0.00000000E+00
  -0.20213885E+02   0.00000000E+00
  -0.20190836E+02   0.00000000E+00
  -0.20167787E+02   0.00000000E+00
  -0.20144738E+02   0.00000000E+00
  -0.20121690E+02   0.00000000E+00
  -0.20098641E+02   0.00000000E+00
  -0.20075592E+02   0.00000000E+00
  -0.20052543E+02   0.00000000E+00
  -0.20029494E+02   0.00000000E+00
  -0.20006445E+02   0.00000000E+00
  -0.19983396E+02   0.00000000E+00
  -0.19960347E+02   0.00000000E+00
  -0.19937298E+02   0.00000000E+00
  -0.19914249E+02   0.00000000E+00
  -0.19891201E+02   0.00000000E+00
  -0.19868152E+02   0.00000000E+00
  -0.19845103E+02   0.00000000E+00
  -0.19822054E+02   0.00000000E+00
  -0.19799005E+02   0.00000000E+00
  -0.19775956E+02   0.00000000E+00
  -0.19752907E+02   0.00000000E+00
  -0.19729858E+02   0.00000000E+00
  -0.19706809E+02   0.00000000E+00
  -0.19683760E+02   0.00000000E+00
  -0.19660712E+02   0.00000000E+00
  -0.19637663E+02   0.00000000E+00
  -0.19614614E+02   0.00000000E+00
  -0.19591565E+02   0.00000000E+00
  -0.19568516E+02   0.00000000E+00
  -0.19545467E+02   0.00000000E+00
  -0.19522418E+02   0.00000000E+00
  -0.19499369E+02   0.00000000E+00
  -0.19476320E+02   0.00000000E+00
  -0.19453271E+02   0.00000000E+00
  -0.19430223E+02   0.00000000E+00
  -0.19407174E+02   0.00000000E+00
  -0.19384125E+02   0.00000000E+00
  -0.19361076E+02   0.00000000E+00
  -0.19338027E+02   0.00000000E+00
  -0.19314978E+02   0.00000000E+00
  -0.19291929E+02   0.00000000E+00
  -0.19268880E+02   0.00000000E+00
  -0.19245831E+02   0.00000000E+00
  -0.19222782E+02   0.00000000E+00
  -0.19199734E+02   0.00000000E+00
  -0.19176685E+02   0.00000000E+00
  -0.19153636E+02   0.00000000E+00
  -0.19130587E+02   0.00000000E+00
  -0.19107538E+02   0.00000000E+00
  -0.19084489E+02   0.00000000E+00
  -0.19061440E+02   0.00000000E+00
  -0.19038391E+02   0.00000000E+00
  -0.19015342E+02   0.00000000E+00
  -0.18992293E+02   0.00000000E+00
  -0.18969245E+02   0.00000000E+00
  -0.18946196E+02   0.00000000E+00
  -0.18923147E+02   0.00000000E+00
  -0.18900098E+02   0.00000000E+00
  -0.18877049E+02   0.00000000E+00
  -0.18854000E+02   0.00000000E+00
  -0.18830951E+02   0.00000000E+00
  -0.18807902E+02   0.00000000E+00
  -0.18784853E+02   0.00000000E+00
  -0.18761804E+02   0.00000000E+00
  -0.18738756E+02   0.00000000E+00
  -0.18715707E+02   0.00000000E+00
  -0.18692658E+02   0.00000000E+00
  -0.18669609E+02   0.00000000E+00
  -0.18646560E+02   0.00000000E+00
  -0.18623511E+02   0.00000000E+00
  -0.18600462E+02   0.00000000E+00
  -0.18577413E+02   0.00000000E+00
  -0.18554364E+02   0.00000000E+00
  -0.18531315E+02   0.00000000E+00
  -0.18508267E+02   0.00000000E+00
  -0.18485218E+02   0.00000000E+00
  -0.18462169E+02   0.00000000E+00
  -0.18439120E+02   0.00000000E+00
  -0.18416071E+02   0.00000000E+00
  -0.18393022E+02   0.00000000E+00
  -0.18369973E+02   0.00000000E+00
  -0.18346924E+02   0.00000000E+00
  -0.18323875E+02   0.00000000E+00
  -0.18300826E+02   0.00000000E+00
  -0.18277778E+02   0.00000000E+00
  -0.18254729E+02   0.00000000E+00
  -0.18231680E+02   0.00000000E+00
  -0.18208631E+02   0.00000000E+00
  -0.18185582E+02   0.00000000E+00
  -0.18162533E+02   0.00000000E+00
  -0.18139484E+02   0.00000000E+00
  -0.18116435E+02   0.00000000E+00
  -0.18093386E+02   0.00000000E+00
  -0.18070337E+02   0.00000000E+00
  -0.18047289E+02   0.00000000E+00
  -0.18024240E+02   0.00000000E+00
  -0.18001191E+02   0.00000000E+00
  -0.17978142E+02   0.00000000E+00
  -0.17955093E+02   0.00000000E+00
  -0.17932044E+02   0.00000000E+00
  -0.17908995E+02   0.00000000E+00
  -0.17885946E+02   0.00000000E+00
  -0.17862897E+02   0.00000000E+00
  -0.17839848E+02   0.00000000E+00
  -0.17816800E+02   0.00000000E+00
  -0.17793751E+02   0.00000000E+00
  -0.17770702E+02   0.00000000E+00
  -0.17747653E+02   0.00000000E+00
  -0.17724604E+02   0.00000000E+00
  -0.17701555E+02   0.00000000E+00
  -0.17678506E+02   0.00000000E+00
  -0.17655457E+02   0.00000000E+00
  -0.17632408E+02   0.00000000E+00
  -0.17609359E+02   0.00000000E+00
  -0.17586311E+02   0.00000000E+00
  -0.17563262E+02   0.00000000E+00
  -0.17540213E+02   0.00000000E+00
  -0.17517164E+02   0.00000000E+00
  -0.17494115E+02   0.00000000E+00
  -0.17471066E+02   0.00000000E+00
  -0.17448017E+02   0.00000000E+00
  -0.17424968E+02   0.00000000E+00
  -0.17401919E+02   0.00000000E+00
  -0.17378870E+02   0.00000000E+00
  -0.17355822E+02   0.00000000E+00
  -0.17332773E+02   0.00000000E+00
  -0.17309724E+02   0.00000000E+00
  -0.17286675E+02   0.00000000E+00
  -0.17263626E+02   0.00000000E+00
  -0.17240577E+02   0.00000000E+00
  -0.17217528E+02   0.00000000E+00
  -0.17194479E+02   0.00000000E+00
  -0.17171430E+02   0.00000000E+00
  -0.17148381E+02   0.00000000E+00
  -0.17125333E+02   0.00000000E+00
  -0.17102284E+02   0.00000000E+00
  -0.17079235E+02   0.00000000E+00
  -0.17056186E+02   0.00000000E+00
  -0.17033137E+02   0.00000000E+00
  -0.17010088E+02   0.00000000E+00
  -0.16987039E+02   0.00000000E+00
  -0.16963990E+02   0.00000000E+00
  -0.16940941E+02   0.00000000E+00
  -0.16917892E+02   0.00000000E+00
  -0.16894844E+02   0.00000000E+00
  -0.16871795E+02   0.00000000E+00
  -0.16848746E+02   0.00000000E+00
  -0.16825697E+02   0.00000000E+00
  -0.16802648E+02   0.00000000E+00
  -0.16779599E+02   0.00000000E+00
  -0.16756550E+02   0.00000000E+00
  -0.16733501E+02   0.00000000E+00
  -0.16710452E+02   0.00000000E+00
  -0.16687403E+02   0.00000000E+00
  -0.16664355E+02   0.00000000E+00
  -0.16641306E+02   0.00000000E+00
  -0.16618257E+02   0.00000000E+00
  -0.16595208E+02   0.00000000E+00
  -0.16572159E+02   0.00000000E+00
  -0.16549110E+02   0.00000000E+00
  -0.16526061E+02   0.00000000E+00
  -0.16503012E+02   0.00000000E+00
  -0.16479963E+02   0.00000000E+00
  -0.16456914E+02   0.00000000E+00
  -0.16433866E+02   0.00000000E+00
  -0.16410817E+02   0.00000000E+00
  -0.16387768E+02   0.00000000E+00
  -0.16364719E+02   0.00000000E+00
  -0.16341670E+02   0.00000000E+00
  -0.16318621E+02   0.00000000E+00
  -0.16295572E+02   0.00000000E+00
  -0.16272523E+02   0.00000000E+00
  -0.16249474E+02   0.00000000E+00
  -0.16226425E+02   0.00000000E+00
  -0.16203377E+02   0.00000000E+00
  -0.16180328E+02   0.00000000E+00
  -0.16157279E+02   0.00000000E+00
  -0.16134230E+02   0.00000000E+00
  -0.16111181E+02   0.00000000E+00
  -0.16088132E+02   0.00000000E+00
  -0.16065083E+02   0.00000000E+00
  -0.16042034E+02   0.00000000E+00
  -0.16018985E+02   0.00000000E+00
  -0.15995936E+02   0.00000000E+00
  -0.15972888E+02   0.00000000E+00
  -0.15949839E+02   0.00000000E+00
  -0.15926790E+02   0.00000000E+00
  -0.15903741E+02   0.00000000E+00
  -0.15880692E+02   0.00000000E+00
  -0.15857643E+02   0.00000000E+00
  -0.15834594E+02   0.00000000E+00
  -0.15811545E+02   0.00000000E+00
  -0.15788496E+02   0.00000000E+00
  -0.15765447E+02   0.00000000E+00
  -0.15742399E+02   0.00000000E+00
  -0.15719350E+02   0.00000000E+00
  -0.15696301E+02   0.00000000E+00
  -0.15673252E+02   0.00000000E+00
  -0.15650203E+02   0.00000000E+00
  -0.15627154E+02   0.00000000E+00
  -0.15604105E+02   0.00000000E+00
  -0.15581056E+02   0.00000000E+00
  -0.15558007E+02   0.00000000E+00
  -0.15534958E+02   0.00000000E+00
  -0.15511910E+02   0.00000000E+00
  -0.15488861E+02   0.00000000E+00
  -0.15465812E+02   0.00000000E+00
  -0.15442763E+02   0.00000000E+00
  -0.15419714E+02   0.00000000E+00
  -0.15396665E+02   0.00000000E+00
  -0.15373616E+02   0.00000000E+00
  -0.15350567E+02   0.00000000E+00
  -0.15327518E+02   0.00000000E+00
  -0.15304469E+02   0.00000000E+00
  -0.15281421E+02   0.00000000E+00
  -0.15258372E+02   0.00000000E+00
  -0.15235323E+02   0.00000000E+00
  -0.15212274E+02   0.00000000E+00
  -0.15189225E+02   0.00000000E+00
  -0.15166176E+02   0.00000000E+00
  -0.15143127E+02   0.00000000E+00
  -0.15120078E+02   0.00000000E+00
  -0.15097029E+02   0.00000000E+00
  -0.15073980E+02   0.00000000E+00
  -0.15050932E+02   0.00000000E+00
  -0.15027883E+02   0.00000000E+00
  -0.15004834E+02   0.00000000E+00
  -0.14981785E+02   0.00000000E+00
  -0.14958736E+02   0.00000000E+00
  -0.14935687E+02   0.00000000E+00
  -0.14912638E+02   0.00000000E+00
  -0.14889589E+02   0.00000000E+00
  -0.14866540E+02   0.00000000E+00
  -0.14843491E+02   0.00000000E+00
  -0.14820443E+02   0.00000000E+00
  -0.14797394E+02   0.00000000E+00
  -0.14774345E+02   0.00000000E+00
  -0.14751296E+02   0.00000000E+00
  -0.14728247E+02   0.00000000E+00
  -0.14705198E+02   0.00000000E+00
  -0.14682149E+02   0.00000000E+00
  -0.14659100E+02   0.00000000E+00
  -0.14636051E+02   0.00000000E+00
  -0.14613002E+02   0.00000000E+00
  -0.14589954E+02   0.00000000E+00
  -0.14566905E+02   0.00000000E+00
  -0.14543856E+02   0.00000000E+00
  -0.14520807E+02   0.00000000E+00
  -0.14497758E+02   0.00000000E+00
  -0.14474709E+02   0.00000000E+00
  -0.14451660E+02   0.00000000E+00
  -0.14428611E+02   0.00000000E+00
  -0.14405562E+02   0.00000000E+00
  -0.14382513E+02   0.00000000E+00
  -0.14359465E+02   0.00000000E+00
  -0.14336416E+02   0.00000000E+00
  -0.14313367E+02   0.00000000E+00
  -0.14290318E+02   0.00000000E+00
  -0.14267269E+02   0.00000000E+00
  -0.14244220E+02   0.00000000E+00
  -0.14221171E+02   0.00000000E+00
  -0.14198122E+02   0.00000000E+00
  -0.14175073E+02   0.00000000E+00
  -0.14152024E+02   0.00000000E+00
  -0.14128976E+02   0.00000000E+00
  -0.14105927E+02   0.00000000E+00
  -0.14082878E+02   0.00000000E+00
  -0.14059829E+02   0.00000000E+00
  -0.14036780E+02   0.00000000E+00
  -0.14013731E+02   0.00000000E+00
  -0.13990682E+02   0.00000000E+00
  -0.13967633E+02   0.00000000E+00
  -0.13944584E+02   0.00000000E+00
  -0.13921535E+02   0.00000000E+00
  -0.13898487E+02   0.00000000E+00
  -0.13875438E+02   0.00000000E+00
  -0.13852389E+02   0.00000000E+00
  -0.13829340E+02   0.00000000E+00
  -0.13806291E+02   0.00000000E+00
  -0.13783242E+02   0.00000000E+00
  -0.13760193E+02   0.00000000E+00
  -0.13737144E+02   0.00000000E+00
  -0.13714095E+02   0.00000000E+00
  -0.13691046E+02   0.00000000E+00
  -0.13667998E+02   0.00000000E+00
  -0.13644949E+02   0.00000000E+00
  -0.13621900E+02   0.00000000E+00
  -0.13598851E+02   0.00000000E+00
  -0.13575802E+02   0.00000000E+00
  -0.13552753E+02   0.00000000E+00
  -0.13529704E+02   0.00000000E+00
  -0.13506655E+02   0.00000000E+00
  -0.13483606E+02   0.00000000E+00
  -0.13460558E+02   0.00000000E+00
  -0.13437509E+02   0.00000000E+00
  -0.13414460E+02   0.00000000E+00
  -0.13391411E+02   0.00000000E+00
  -0.13368362E+02   0.00000000E+00
  -0.13345313E+02   0.00000000E+00
  -0.13322264E+02   0.00000000E+00
  -0.13299215E+02   0.00000000E+00
  -0.13276166E+02   0.00000000E+00
  -0.13253117E+02   0.00000000E+00
  -0.13230069E+02   0.00000000E+00
  -0.13207020E+02   0.00000000E+00
  -0.13183971E+02   0.00000000E+00
  -0.13160922E+02   0.00000000E+00
  -0.13137873E+02   0.00000000E+00
  -0.13114824E+02   0.00000000E+00
  -0.13091775E+02   0.00000000E+00
  -0.13068726E+02   0.00000000E+00
  -0.13045677E+02   0.00000000E+00
  -0.13022628E+02   0.00000000E+00
  -0.12999580E+02   0.00000000E+00
  -0.12976531E+02   0.00000000E+00
  -0.12953482E+02   0.00000000E+00
  -0.12930433E+02   0.00000000E+00
  -0.12907384E+02   0.00000000E+00
  -0.12884335E+02   0.00000000E+00
  -0.12861286E+02   0.00000000E+00
  -0.12838237E+02   0.00000000E+00
  -0.12815188E+02   0.00000000E+00
  -0.12792139E+02   0.00000000E+00
  -0.12769091E+02   0.00000000E+00
  -0.12746042E+02   0.00000000E+00
  -0.12722993E+02   0.00000000E+00
  -0.12699944E+02   0.00000000E+00
  -0.12676895E+02   0.00000000E+00
  -0.12653846E+02   0.00000000E+00
  -0.12630797E+02   0.00000000E+00
  -0.12607748E+02   0.00000000E+00
  -0.12584699E+02   0.00000000E+00
  -0.12561650E+02   0.00000000E+00
  -0.12538602E+02   0.00000000E+00
  -0.12515553E+02   0.00000000E+00
  -0.12492504E+02   0.00000000E+00
  -0.12469455E+02   0.00000000E+00
  -0.12446406E+02   0.00000000E+00
  -0.12423357E+02   0.00000000E+00
  -0.12400308E+02   0.00000000E+00
  -0.12377259E+02   0.00000000E+00
  -0.12354210E+02   0.00000000E+00
  -0.12331161E+02   0.00000000E+00
  -0.12308113E+02   0.00000000E+00
  -0.12285064E+02   0.00000000E+00
  -0.12262015E+02   0.00000000E+00
  -0.12238966E+02   0.00000000E+00
  -0.12215917E+02   0.00000000E+00
  -0.12192868E+02   0.00000000E+00
  -0.12169819E+02   0.00000000E+00
  -0.12146770E+02   0.00000000E+00
  -0.12123721E+02   0.00000000E+00
  -0.12100672E+02   0.00000000E+00
  -0.12077624E+02   0.00000000E+00
  -0.12054575E+02   0.00000000E+00
  -0.12031526E+02   0.00000000E+00
  -0.12008477E+02   0.00000000E+00
  -0.11985428E+02   0.00000000E+00
  -0.11962379E+02   0.00000000E+00
  -0.11939330E+02   0.00000000E+00
  -0.11916281E+02   0.00000000E+00
  -0.11893232E+02   0.00000000E+00
  -0.11870183E+02   0.00000000E+00
  -0.11847135E+02   0.00000000E+00
  -0.11824086E+02   0.00000000E+00
  -0.11801037E+02   0.00000000E+00
  -0.11777988E+02   0.00000000E+00
  -0.11754939E+02   0.00000000E+00
  -0.11731890E+02   0.00000000E+00
  -0.11708841E+02   0.00000000E+00
  -0.11685792E+02   0.00000000E+00
  -0.11662743E+02   0.00000000E+00
  -0.11639694E+02   0.00000000E+00
  -0.11616646E+02   0.00000000E+00
  -0.11593597E+02   0.00000000E+00
  -0.11570548E+02   0.00000000E+00
  -0.11547499E+02   0.00000000E+00
  -0.11524450E+02   0.00000000E+00
  -0.11501401E+02   0.00000000E+00
  -0.11478352E+02   0.00000000E+00
  -0.11455303E+02   0.00000000E+00
  -0.11432254E+02   0.00000000E+00
  -0.11409205E+02   0.00000000E+00
  -0.11386157E+02   0.00000000E+00
  -0.11363108E+02   0.00000000E+00
  -0.11340059E+02   0.00000000E+00
  -0.11317010E+02   0.00000000E+00
  -0.11293961E+02   0.00000000E+00
  -0.11270912E+02   0.00000000E+00
  -0.11247863E+02   0.00000000E+00
  -0.11224814E+02   0.00000000E+00
  -0.11201765E+02   0.00000000E+00
  -0.11178716E+02   0.00000000E+00
  -0.11155668E+02   0.00000000E+00
  -0.11132619E+02   0.00000000E+00
  -0.11109570E+02   0.00000000E+00
  -0.11086521E+02   0.00000000E+00
  -0.11063472E+02   0.00000000E+00
  -0.11040423E+02   0.00000000E+00
  -0.11017374E+02   0.00000000E+00
  -0.10994325E+02   0.00000000E+00
  -0.10971276E+02   0.00000000E+00
  -0.10948227E+02   0.00000000E+00
  -0.10925179E+02   0.00000000E+00
  -0.10902130E+02   0.00000000E+00
  -0.10879081E+02   0.00000000E+00
  -0.10856032E+02   0.00000000E+00
  -0.10832983E+02   0.00000000E+00
  -0.10809934E+02   0.00000000E+00
  -0.10786885E+02   0.00000000E+00
  -0.10763836E+02   0.00000000E+00
  -0.10740787E+02   0.00000000E+00
  -0.10717738E+02   0.00000000E+00
  -0.10694690E+02   0.00000000E+00
  -0.10671641E+02   0.00000000E+00
  -0.10648592E+02   0.00000000E+00
  -0.10625543E+02   0.00000000E+00
  -0.10602494E+02   0.00000000E+00
  -0.10579445E+02   0.00000000E+00
  -0.10556396E+02   0.00000000E+00
  -0.10533347E+02   0.00000000E+00
  -0.10510298E+02   0.00000000E+00
  -0.10487249E+02   0.00000000E+00
  -0.10464201E+02   0.00000000E+00
  -0.10441152E+02   0.00000000E+00
  -0.10418103E+02   0.00000000E+00
  -0.10395054E+02   0.00000000E+00
  -0.10372005E+02   0.00000000E+00
  -0.10348956E+02   0.00000000E+00
  -0.10325907E+02   0.00000000E+00
  -0.10302858E+02   0.00000000E+00
  -0.10279809E+02   0.00000000E+00
  -0.10256760E+02   0.00000000E+00
  -0.10233712E+02   0.00000000E+00
  -0.10210663E+02   0.00000000E+00
  -0.10187614E+02   0.00000000E+00
  -0.10164565E+02   0.00000000E+00
  -0.10141516E+02   0.00000000E+00
  -0.10118467E+02   0.00000000E+00
  -0.10095418E+02   0.00000000E+00
  -0.10072369E+02   0.00000000E+00
  -0.10049320E+02   0.00000000E+00
  -0.10026271E+02   0.00000000E+00
  -0.10003223E+02   0.00000000E+00
  -0.99801736E+01   0.00000000E+00
  -0.99571247E+01   0.00000000E+00
  -0.99340758E+01   0.00000000E+00
  -0.99110269E+01   0.00000000E+00
  -0.98879780E+01   0.00000000E+00
  -0.98649291E+01   0.00000000E+00
  -0.98418802E+01   0.00000000E+00
  -0.98188313E+01   0.00000000E+00
  -0.97957824E+01   0.00000000E+00
  -0.97727335E+01   0.00000000E+00
  -0.97496846E+01   0.00000000E+00
  -0.97266357E+01   0.00000000E+00
  -0.97035868E+01   0.00000000E+00
  -0.96805379E+01   0.00000000E+00
  -0.96574890E+01   0.00000000E+00
  -0.96344401E+01   0.00000000E+00
  -0.96113912E+01   0.00000000E+00
  -0.95883423E+01   0.00000000E+00
  -0.95652934E+01   0.00000000E+00
  -0.95422445E+01   0.00000000E+00
  -0.95191956E+01   0.00000000E+00
  -0.94961467E+01   0.00000000E+00
  -0.94730978E+01   0.00000000E+00
  -0.94500489E+01   0.00000000E+00
  -0.94270000E+01   0.00000000E+00
  -0.94039511E+01   0.00000000E+00
  -0.93809022E+01   0.00000000E+00
  -0.93578533E+01   0.00000000E+00
  -0.93348044E+01   0.00000000E+00
  -0.93117555E+01   0.00000000E+00
  -0.92887066E+01   0.00000000E+00
  -0.92656577E+01   0.00000000E+00
  -0.92426088E+01   0.00000000E+00
  -0.92195599E+01   0.00000000E+00
  -0.91965110E+01   0.00000000E+00
  -0.91734621E+01   0.00000000E+00
  -0.91504132E+01   0.00000000E+00
  -0.91273643E+01   0.00000000E+00
  -0.91043154E+01   0.00000000E+00
  -0.90812665E+01   0.00000000E+00
  -0.90582176E+01   0.00000000E+00
  -0.90351687E+01   0.00000000E+00
  -0.90121198E+01   0.00000000E+00
  -0.89890709E+01   0.00000000E+00
  -0.89660220E+01   0.00000000E+00
  -0.89429731E+01   0.00000000E+00
  -0.89199242E+01   0.00000000E+00
  -0.88968753E+01   0.00000000E+00
  -0.88738264E+01   0.00000000E+00
  -0.88507775E+01   0.00000000E+00
  -0.88277286E+01   0.00000000E+00
  -0.88046797E+01   0.00000000E+00
  -0.87816308E+01   0.00000000E+00
  -0.87585819E+01   0.00000000E+00
  -0.87355330E+01   0.00000000E+00
  -0.87124841E+01   0.00000000E+00
  -0.86894352E+01   0.00000000E+00
  -0.86663863E+01   0.00000000E+00
  -0.86433374E+01   0.00000000E+00
  -0.86202885E+01   0.13841539E-312
  -0.85972396E+01   0.54844640E-302
  -0.85741907E+01   0.11235014E-291
  -0.85511418E+01   0.12095138E-281
  -0.85280929E+01   0.69533273E-272
  -0.85050440E+01   0.21682443E-262
  -0.84819951E+01   0.37238491E-253
  -0.84589462E+01   0.35754263E-244
  -0.84358973E+01   0.19473824E-235
  -0.84128484E+01   0.61031409E-227
  -0.83897995E+01   0.11160507E-218
  -0.83667506E+01   0.12071296E-210
  -0.83437017E+01   0.78259843E-203
  -0.83206528E+01   0.30809318E-195
  -0.82976039E+01   0.74592718E-188
  -0.82745550E+01   0.11245227E-180
  -0.82515061E+01   0.10684626E-173
  -0.82284572E+01   0.64745562E-167
  -0.82054083E+01   0.25312872E-160
  -0.81823594E+01   0.64574080E-154
  -0.81593105E+01   0.10868034E-147
  -0.81362616E+01   0.12198284E-141
  -0.81132127E+01   0.92272244E-136
  -0.80901638E+01   0.47525951E-130
  -0.80671149E+01   0.16835887E-124
  -0.80440660E+01   0.41423066E-119
  -0.80210171E+01   0.71466884E-114
  -0.79979682E+01   0.87273215E-109
  -0.79749193E+01   0.76125764E-104
  -0.79518704E+01   0.47854639E-99
  -0.79288215E+01   0.21869199E-94
  -0.79057726E+01   0.73272841E-90
  -0.78827237E+01   0.18148938E-85
  -0.78596748E+01   0.33501764E-81
  -0.78366259E+01   0.46453484E-77
  -0.78135770E+01   0.48758028E-73
  -0.77905281E+01   0.39031333E-69
  -0.77674792E+01   0.24005070E-65
  -0.77444303E+01   0.11424054E-61
  -0.77213814E+01   0.42363776E-58
  -0.76983325E+01   0.12324839E-54
  -0.76752836E+01   0.28317974E-51
  -0.76522347E+01   0.51718753E-48
  -0.76291858E+01   0.75557760E-45
  -0.76061369E+01   0.88843528E-42
  -0.75830880E+01   0.84584156E-39
  -0.75600391E+01   0.65584058E-36
  -0.75369902E+01   0.41649248E-33
  -0.75139413E+01   0.21781221E-30
  -0.74908924E+01   0.94292669E-28
  -0.74678435E+01   0.33953456E-25
  -0.74447946E+01   0.10211791E-22
  -0.74217457E+01   0.25727961E-20
  -0.73986968E+01   0.54311876E-18
  -0.73756479E+01   0.95606161E-16
  -0.73525990E+01   0.13779448E-13
  -0.73295501E+01   0.15829235E-11
  -0.73065012E+01   0.13796282E-09
  -0.72834523E+01   0.86006004E-08
  -0.72604034E+01   0.36437280E-06
  -0.72373545E+01   0.10116079E-04
  -0.72143056E+01   0.18103722E-03
  -0.71912567E+01   0.20947237E-02
  -0.71682078E+01   0.15976384E-01
  -0.71451589E+01   0.82853714E-01
  -0.71221100E+01   0.30356965E+00
  -0.70990611E+01   0.81929249E+00
  -0.70760122E+01   0.16990117E+01
  -0.70529633E+01   0.28195487E+01
  -0.70299144E+01   0.38880018E+01
  -0.70068655E+01   0.46077492E+01
  -0.69838166E+01   0.48334472E+01
  -0.69607677E+01   0.46019708E+01
  -0.69377188E+01   0.40615626E+01
  -0.69146699E+01   0.33812408E+01
  -0.68916210E+01   0.26936765E+01
  -0.68685721E+01   0.20783442E+01
  -0.68455232E+01   0.15691129E+01
  -0.68224743E+01   0.11698022E+01
  -0.67994254E+01   0.86839636E+00
  -0.67763765E+01   0.64687104E+00
  -0.67533277E+01   0.48683770E+00
  -0.67302788E+01   0.37222772E+00
  -0.67072299E+01   0.29019623E+00
  -0.66841810E+01   0.23107871E+00
  -0.66611321E+01   0.18791583E+00
  -0.66380832E+01   0.15584827E+00
  -0.66150343E+01   0.13154639E+00
  -0.65919854E+01   0.11274688E+00
  -0.65689365E+01   0.97909626E-01
  -0.65458876E+01   0.85978229E-01
  -0.65228387E+01   0.76218829E-01
  -0.64997898E+01   0.68113632E-01
  -0.64767409E+01   0.61291018E-01
  -0.64536920E+01   0.55479577E-01
  -0.64306431E+01   0.50477638E-01
  -0.64075942E+01   0.46132844E-01
  -0.63845453E+01   0.42328276E-01
  -0.63614964E+01   0.38972891E-01
  -0.63384475E+01   0.35994828E-01
  -0.63153986E+01   0.33336657E-01
  -0.62923497E+01   0.30951951E-01
  -0.62693008E+01   0.28802788E-01
  -0.62462519E+01   0.26857892E-01
  -0.62232030E+01   0.25091240E-01
  -0.62001541E+01   0.23481010E-01
  -0.61771052E+01   0.22008762E-01
  -0.61540563E+01   0.20658811E-01
  -0.61310074E+01   0.19417729E-01
  -0.61079585E+01   0.18273958E-01
  -0.60849096E+01   0.17217491E-01
  -0.60618607E+01   0.16239622E-01
  -0.60388118E+01   0.15332744E-01
  -0.60157629E+01   0.14490177E-01
  -0.59927140E+01   0.13706037E-01
  -0.59696651E+01   0.12975116E-01
  -0.59466162E+01   0.12292790E-01
  -0.59235673E+01   0.11654941E-01
  -0.59005184E+01   0.11057886E-01
  -0.58774695E+01   0.10498328E-01
  -0.58544206E+01   0.99733008E-02
  -0.58313717E+01   0.94801306E-02
  -0.58083228E+01   0.90164027E-02
  -0.57852739E+01   0.85799296E-02
  -0.57622250E+01   0.81687257E-02
  -0.57391761E+01   0.77809846E-02
  -0.57161272E+01   0.74150594E-02
  -0.56930783E+01   0.70694459E-02
  -0.56700294E+01   0.67427678E-02
  -0.56469805E+01   0.64337629E-02
  -0.56239316E+01   0.61412727E-02
  -0.56008827E+01   0.58642312E-02
  -0.55778338E+01   0.56016566E-02
  -0.55547849E+01   0.53526429E-02
  -0.55317360E+01   0.51163532E-02
  -0.55086871E+01   0.48920132E-02
  -0.54856382E+01   0.46789055E-02
  -0.54625893E+01   0.44763647E-02
  -0.54395404E+01   0.42837728E-02
  -0.54164915E+01   0.41005555E-02
  -0.53934426E+01   0.39261777E-02
  -0.53703937E+01   0.37601414E-02
  -0.53473448E+01   0.36019816E-02
  -0.53242959E+01   0.34512644E-02
  -0.53012470E+01   0.33075842E-02
  -0.52781981E+01   0.31705616E-02
  -0.52551492E+01   0.30398413E-02
  -0.52321003E+01   0.29150904E-02
  -0.52090514E+01   0.27959968E-02
  -0.51860025E+01   0.26822673E-02
  -0.51629536E+01   0.25736267E-02
  -0.51399047E+01   0.24698162E-02
  -0.51168558E+01   0.23705924E-02
  -0.50938069E+01   0.22757261E-02
  -0.50707580E+01   0.21850014E-02
  -0.50477091E+01   0.20982148E-02
  -0.50246602E+01   0.20151744E-02
  -0.50016113E+01   0.19356990E-02
  -0.49785624E+01   0.18596175E-02
  -0.49555135E+01   0.17867683E-02
  -0.49324646E+01   0.17169985E-02
  -0.49094157E+01   0.16501635E-02
  -0.48863668E+01   0.15861265E-02
  -0.48633179E+01   0.15247580E-02
  -0.48402690E+01   0.14659351E-02
  -0.48172201E+01   0.14095415E-02
  -0.47941712E+01   0.13554669E-02
  -0.47711223E+01   0.13036065E-02
  -0.47480734E+01   0.12538611E-02
  -0.47250245E+01   0.12061362E-02
  -0.47019756E+01   0.11603424E-02
  -0.46789267E+01   0.11163943E-02
  -0.46558778E+01   0.10742111E-02
  -0.46328289E+01   0.10337158E-02
  -0.46097800E+01   0.99483501E-03
  -0.45867311E+01   0.95749915E-03
  -0.45636822E+01   0.92164180E-03
  -0.45406333E+01   0.88719976E-03
  -0.45175844E+01   0.85411281E-03
  -0.44945355E+01   0.82232355E-03
  -0.44714866E+01   0.79177729E-03
  -0.44484377E+01   0.76242184E-03
  -0.44253888E+01   0.73420745E-03
  -0.44023399E+01   0.70708665E-03
  -0.43792910E+01   0.68101411E-03
  -0.43562421E+01   0.65594659E-03
  -0.43331932E+01   0.63184277E-03
  -0.43101443E+01   0.60866319E-03
  -0.42870954E+01   0.58637016E-03
  -0.42640465E+01   0.56492767E-03
  -0.42409976E+01   0.54430126E-03
  -0.42179487E+01   0.52445802E-03
  -0.41948998E+01   0.50536648E-03
  -0.41718509E+01   0.48699651E-03
  -0.41488020E+01   0.46931930E-03
  -0.41257531E+01   0.45230728E-03
  -0.41027042E+01   0.43593407E-03
  -0.40796553E+01   0.42017440E-03
  -0.40566064E+01   0.40500409E-03
  -0.40335575E+01   0.39039997E-03
  -0.40105086E+01   0.37633985E-03
  -0.39874597E+01   0.36280247E-03
  -0.39644108E+01   0.34976747E-03
  -0.39413619E+01   0.33721532E-03
  -0.39183130E+01   0.32512731E-03
  -0.38952641E+01   0.31348550E-03
  -0.38722152E+01   0.30227269E-03
  -0.38491663E+01   0.29147238E-03
  -0.38261174E+01   0.28106875E-03
  -0.38030685E+01   0.27104662E-03
  -0.37800196E+01   0.26139142E-03
  -0.37569707E+01   0.25208919E-03
  -0.37339218E+01   0.24312651E-03
  -0.37108729E+01   0.23449050E-03
  -0.36878240E+01   0.22616882E-03
  -0.36647751E+01   0.21814958E-03
  -0.36417262E+01   0.21042141E-03
  -0.36186773E+01   0.20297336E-03
  -0.35956284E+01   0.19579491E-03
  -0.35725795E+01   0.18887598E-03
  -0.35495306E+01   0.18220687E-03
  -0.35264817E+01   0.17577826E-03
  -0.35034328E+01   0.16958119E-03
  -0.34803839E+01   0.16360707E-03
  -0.34573350E+01   0.15784761E-03
  -0.34342861E+01   0.15229487E-03
  -0.34112372E+01   0.14694122E-03
  -0.33881883E+01   0.14177929E-03
  -0.33651394E+01   0.13680203E-03
  -0.33420905E+01   0.13200265E-03
  -0.33190416E+01   0.12737460E-03
  -0.32959927E+01   0.12291162E-03
  -0.32729438E+01   0.11860764E-03
  -0.32498949E+01   0.11445687E-03
  -0.32268460E+01   0.11045369E-03
  -0.32037971E+01   0.10659275E-03
  -0.31807482E+01   0.10286885E-03
  -0.31576993E+01   0.99277010E-04
  -0.31346504E+01   0.95812441E-04
  -0.31116015E+01   0.92470524E-04
  -0.30885526E+01   0.89246817E-04
  -0.30655037E+01   0.86137046E-04
  -0.30424548E+01   0.83137092E-04
  -0.30194059E+01   0.80242995E-04
  -0.29963570E+01   0.77450938E-04
  -0.29733081E+01   0.74757248E-04
  -0.29502592E+01   0.72158388E-04
  -0.29272103E+01   0.69650951E-04
  -0.29041614E+01   0.67231657E-04
  -0.28811125E+01   0.64897347E-04
  -0.28580636E+01   0.62644976E-04
  -0.28350147E+01   0.60471614E-04
  -0.28119658E+01   0.58374438E-04
  -0.27889169E+01   0.56350728E-04
  -0.27658680E+01   0.54397862E-04
  -0.27428191E+01   0.52513317E-04
  -0.27197702E+01   0.50694659E-04
  -0.26967213E+01   0.48939546E-04
  -0.26736724E+01   0.47245717E-04
  -0.26506235E+01   0.45610997E-04
  -0.26275746E+01   0.44033289E-04
  -0.26045257E+01   0.42510570E-04
  -0.25814768E+01   0.41040893E-04
  -0.25584279E+01   0.39622379E-04
  -0.25353790E+01   0.38253218E-04
  -0.25123301E+01   0.36931666E-04
  -0.24892812E+01   0.35656040E-04
  -0.24662323E+01   0.34424720E-04
  -0.24431834E+01   0.33236141E-04
  -0.24201345E+01   0.32088797E-04
  -0.23970856E+01   0.30981234E-04
  -0.23740367E+01   0.29912052E-04
  -0.23509878E+01   0.28879899E-04
  -0.23279389E+01   0.27883472E-04
  -0.23048900E+01   0.26921516E-04
  -0.22818411E+01   0.25992819E-04
  -0.22587922E+01   0.25096211E-04
  -0.22357433E+01   0.24230567E-04
  -0.22126944E+01   0.23394800E-04
  -0.21896455E+01   0.22587860E-04
  -0.21665966E+01   0.21808738E-04
  -0.21435477E+01   0.21056458E-04
  -0.21204988E+01   0.20330079E-04
  -0.20974499E+01   0.19628693E-04
  -0.20744010E+01   0.18951425E-04
  -0.20513521E+01   0.18297430E-04
  -0.20283032E+01   0.17665893E-04
  -0.20052543E+01   0.17056029E-04
  -0.19822054E+01   0.16467078E-04
  -0.19591565E+01   0.15898308E-04
  -0.19361076E+01   0.15349013E-04
  -0.19130587E+01   0.14818512E-04
  -0.18900098E+01   0.14306147E-04
  -0.18669609E+01   0.13811284E-04
  -0.18439120E+01   0.13333309E-04
  -0.18208631E+01   0.12871633E-04
  -0.17978142E+01   0.12425684E-04
  -0.17747653E+01   0.11994912E-04
  -0.17517164E+01   0.11578785E-04
  -0.17286675E+01   0.11176792E-04
  -0.17056186E+01   0.10788436E-04
  -0.16825697E+01   0.10413241E-04
  -0.16595208E+01   0.10050744E-04
  -0.16364719E+01   0.97005012E-05
  -0.16134230E+01   0.93620826E-05
  -0.15903741E+01   0.90350735E-05
  -0.15673252E+01   0.87190736E-05
  -0.15442763E+01   0.84136964E-05
  -0.15212274E+01   0.81185689E-05
  -0.14981785E+01   0.78333312E-05
  -0.14751296E+01   0.75576357E-05
  -0.14520807E+01   0.72911471E-05
  -0.14290318E+01   0.70335417E-05
  -0.14059829E+01   0.67845071E-05
  -0.13829340E+01   0.65437420E-05
  -0.13598851E+01   0.63109554E-05
  -0.13368362E+01   0.60858667E-05
  -0.13137873E+01   0.58682053E-05
  -0.12907384E+01   0.56577101E-05
  -0.12676895E+01   0.54541294E-05
  -0.12446406E+01   0.52572202E-05
  -0.12215917E+01   0.50667488E-05
  -0.11985428E+01   0.48824897E-05
  -0.11754939E+01   0.47042255E-05
  -0.11524450E+01   0.45317471E-05
  -0.11293961E+01   0.43648532E-05
  -0.11063472E+01   0.42033501E-05
  -0.10832983E+01   0.40470512E-05
  -0.10602494E+01   0.38957775E-05
  -0.10372005E+01   0.37493570E-05
  -0.10141516E+01   0.36076243E-05
  -0.99110269E+00   0.34704209E-05
  -0.96805379E+00   0.33375948E-05
  -0.94500489E+00   0.32090005E-05
  -0.92195599E+00   0.30844985E-05
  -0.89890709E+00   0.29639556E-05
  -0.87585819E+00   0.28472443E-05
  -0.85280929E+00   0.27342433E-05
  -0.82976039E+00   0.26248365E-05
  -0.80671149E+00   0.25189136E-05
  -0.78366259E+00   0.24163694E-05
  -0.76061369E+00   0.23171040E-05
  -0.73756479E+00   0.22210224E-05
  -0.71451589E+00   0.21280345E-05
  -0.69146699E+00   0.20380548E-05
  -0.66841810E+00   0.19510021E-05
  -0.64536920E+00   0.18667994E-05
  -0.62232030E+00   0.17853737E-05
  -0.59927140E+00   0.17066557E-05
  -0.57622250E+00   0.16305796E-05
  -0.55317360E+00   0.15570827E-05
  -0.53012470E+00   0.14861053E-05
  -0.50707580E+00   0.14175903E-05
  -0.48402690E+00   0.13514829E-05
  -0.46097800E+00   0.12877305E-05
  -0.43792910E+00   0.12262821E-05
  -0.41488020E+00   0.11670884E-05
  -0.39183130E+00   0.11101011E-05
  -0.36878240E+00   0.10552730E-05
  -0.34573350E+00   0.10025575E-05
  -0.32268460E+00   0.95190847E-06
  -0.29963570E+00   0.90328019E-06
  -0.27658680E+00   0.85662683E-06
  -0.25353790E+00   0.81190253E-06
  -0.23048900E+00   0.76906118E-06
  -0.20744010E+00   0.72805634E-06
  -0.18439120E+00   0.68884115E-06
  -0.16134230E+00   0.65136827E-06
  -0.13829340E+00   0.61558989E-06
  -0.11524450E+00   0.58145771E-06
  -0.92195599E-01   0.54892296E-06
  -0.69146699E-01   0.51793651E-06
  -0.46097800E-01   0.48844885E-06
  -0.23048900E-01   0.46041028E-06
   0.00000000E+00   0.43377094E-06
