  -0.23025851E+02   0.00000000E+00   0.00000000E+00   0.00000000E+00
  -0.23002802E+02   0.00000000E+00   0.00000000E+00   0.00000000E+00
  -0.22979753E+02   0.00000000E+00   0.00000000E+00   0.00000000E+00
  -0.22956704E+02   0.00000000E+00   0.00000000E+00   0.00000000E+00
  -0.22933655E+02   0.00000000E+00   0.00000000E+00   0.00000000E+00
  -0.22910606E+02   0.00000000E+00   0.00000000E+00   0.00000000E+00
  -0.22887558E+02   0.00000000E+00   0.00000000E+00   0.00000000E+00
  -0.22864509E+02   0.00000000E+00   0.00000000E+00   0.00000000E+00
  -0.22841460E+02   0.00000000E+00   0.00000000E+00   0.00000000E+00
  -0.22818411E+02   0.00000000E+00   0.00000000E+00   0.00000000E+00
  -0.22795362E+02   0.00000000E+00   0.00000000E+00   0.00000000E+00
  -0.22772313E+02   0.00000000E+00   0.00000000E+00   0.00000000E+00
  -0.22749264E+02   0.00000000E+00   0.00000000E+00   0.00000000E+00
  -0.22726215E+02   0.00000000E+00   0.00000000E+00   0.00000000E+00
  -0.22703166E+02   0.00000000E+00   0.00000000E+00   0.00000000E+00
  -0.22680117E+02   0.00000000E+00   0.00000000E+00   0.00000000E+00
  -0.22657069E+02   0.00000000E+00   0.00000000E+00   0.00000000E+00
  -0.22634020E+02   0.00000000E+00   0.00000000E+00   0.00000000E+00
  -0.22610971E+02   0.00000000E+00   0.00000000E+00   0.00000000E+00
  -0.22587922E+02   0.00000000E+00   0.00000000E+00   0.00000000E+00
  -0.22564873E+02   0.00000000E+00   0.00000000E+00   0.00000000E+00
  -0.22541824E+02   0.00000000E+00   0.00000000E+00   0.00000000E+00
  -0.22518775E+02   0.00000000E+00   0.00000000E+00   0.00000000E+00
  -0.22495726E+02   0.00000000E+00   0.00000000E+00   0.00000000E+00
  -0.22472677E+02   0.00000000E+00   0.00000000E+00   0.00000000E+00
  -0.22449628E+02   0.00000000E+00   0.00000000E+00   0.00000000E+00
  -0.22426580E+02   0.00000000E+00   0.00000000E+00   0.00000000E+00
  -0.22403531E+02   0.00000000E+00   0.00000000E+00   0.00000000E+00
  -0.22380482E+02   0.00000000E+00   0.00000000E+00   0.00000000E+00
  -0.22357433E+02   0.00000000E+00   0.00000000E+00   0.00000000E+00
  -0.22334384E+02   0.00000000E+00   0.00000000E+00   0.00000000E+00
  -0.22311335E+02   0.00000000E+00   0.00000000E+00   0.00000000E+00
  -0.22288286E+02   0.00000000E+00   0.00000000E+00   0.00000000E+00
  -0.22265237E+02   0.00000000E+00   0.00000000E+00   0.00000000E+00
  -0.22242188E+02   0.00000000E+00   0.00000000E+00   0.00000000E+00
  -0.22219139E+02   0.00000000E+00   0.00000000E+00   0.00000000E+00
  -0.22196091E+02   0.00000000E+00   0.00000000E+00   0.00000000E+00
  -0.22173042E+02   0.00000000E+00   0.00000000E+00   0.00000000E+00
  -0.22149993E+02   0.00000000E+00   0.00000000E+00   0.00000000E+00
  -0.22126944E+02   0.00000000E+00   0.00000000E+00   0.00000000E+00
  -0.22103895E+02   0.00000000E+00   0.00000000E+00   0.00000000E+00
  -0.22080846E+02   0.00000000E+00   0.00000000E+00   0.00000000E+00
  -0.22057797E+02   0.00000000E+00   0.00000000E+00   0.00000000E+00
  -0.22034748E+02   0.00000000E+00   0.00000000E+00   0.00000000E+00
  -0.22011699E+02   0.00000000E+00   0.00000000E+00   0.00000000E+00
  -0.21988650E+02   0.00000000E+00   0.00000000E+00   0.00000000E+00
  -0.21965602E+02   0.00000000E+00   0.00000000E+00   0.00000000E+00
  -0.21942553E+02   0.00000000E+00   0.00000000E+00   0.00000000E+00
  -0.21919504E+02   0.00000000E+00   0.00000000E+00   0.00000000E+00
  -0.21896455E+02   0.00000000E+00   0.00000000E+00   0.00000000E+00
  -0.21873406E+02   0.00000000E+00   0.00000000E+00   0.00000000E+00
  -0.21850357E+02   0.00000000E+00   0.00000000E+00   0.00000000E+00
  -0.21827308E+02   0.00000000E+00   0.00000000E+00   0.00000000E+00
  -0.21804259E+02   0.00000000E+00   0.00000000E+00   0.00000000E+00
  -0.21781210E+02   0.00000000E+00   0.00000000E+00   0.00000000E+00
  -0.21758161E+02   0.00000000E+00   0.00000000E+00   0.00000000E+00
  -0.21735113E+02   0.00000000E+00   0.00000000E+00   0.00000000E+00
  -0.21712064E+02   0.00000000E+00   0.00000000E+00   0.00000000E+00
  -0.21689015E+02   0.00000000E+00   0.00000000E+00   0.00000000E+00
  -0.21665966E+02   0.00000000E+00   0.00000000E+00   0.00000000E+00
  -0.21642917E+02   0.00000000E+00   0.00000000E+00   0.00000000E+00
  -0.21619868E+02   0.00000000E+00   0.00000000E+00   0.00000000E+00
  -0.21596819E+02   0.00000000E+00   0.00000000E+00   0.00000000E+00
  -0.21573770E+02   0.00000000E+00   0.00000000E+00   0.00000000E+00
  -0.21550721E+02   0.00000000E+00   0.00000000E+00   0.00000000E+00
  -0.21527672E+02   0.00000000E+00   0.00000000E+00   0.00000000E+00
  -0.21504624E+02   0.00000000E+00   0.00000000E+00   0.00000000E+00
  -0.21481575E+02   0.00000000E+00   0.00000000E+00   0.00000000E+00
  -0.21458526E+02   0.00000000E+00   0.00000000E+00   0.00000000E+00
  -0.21435477E+02   0.00000000E+00   0.00000000E+00   0.00000000E+00
  -0.21412428E+02   0.00000000E+00   0.00000000E+00   0.00000000E+00
  -0.21389379E+02   0.00000000E+00   0.00000000E+00   0.00000000E+00
  -0.21366330E+02   0.00000000E+00   0.00000000E+00   0.00000000E+00
  -0.21343281E+02   0.00000000E+00   0.00000000E+00   0.00000000E+00
  -0.21320232E+02   0.00000000E+00   0.00000000E+00   0.00000000E+00
  -0.21297183E+02   0.00000000E+00   0.00000000E+00   0.00000000E+00
  -0.21274135E+02   0.00000000E+00   0.00000000E+00   0.00000000E+00
  -0.21251086E+02   0.00000000E+00   0.00000000E+00   0.00000000E+00
  -0.21228037E+02   0.00000000E+00   0.00000000E+00   0.00000000E+00
  -0.21204988E+02   0.00000000E+00   0.00000000E+00   0.00000000E+00
  -0.21181939E+02   0.00000000E+00   0.00000000E+00   0.00000000E+00
  -0.21158890E+02   0.00000000E+00   0.00000000E+00   0.00000000E+00
  -0.21135841E+02   0.00000000E+00   0.00000000E+00   0.00000000E+00
  -0.21112792E+02   0.00000000E+00   0.00000000E+00   0.00000000E+00
  -0.21089743E+02   0.00000000E+00   0.00000000E+00   0.00000000E+00
  -0.21066694E+02   0.00000000E+00   0.00000000E+00   0.00000000E+00
  -0.21043646E+02   0.00000000E+00   0.00000000E+00   0.00000000E+00
  -0.21020597E+02   0.00000000E+00   0.00000000E+00   0.00000000E+00
  -0.20997548E+02   0.00000000E+00   0.00000000E+00   0.00000000E+00
  -0.20974499E+02   0.00000000E+00   0.00000000E+00   0.00000000E+00
  -0.20951450E+02   0.00000000E+00   0.00000000E+00   0.00000000E+00
  -0.20928401E+02   0.00000000E+00   0.00000000E+00   0.00000000E+00
  -0.20905352E+02   0.00000000E+00   0.00000000E+00   0.00000000E+00
  -0.20882303E+02   0.00000000E+00   0.00000000E+00   0.00000000E+00
  -0.20859254E+02   0.00000000E+00   0.00000000E+00   0.00000000E+00
  -0.20836205E+02   0.00000000E+00   0.00000000E+00   0.00000000E+00
  -0.20813157E+02   0.00000000E+00   0.00000000E+00   0.00000000E+00
  -0.20790108E+02   0.00000000E+00   0.00000000E+00   0.00000000E+00
  -0.20767059E+02   0.00000000E+00   0.00000000E+00   0.00000000E+00
  -0.20744010E+02   0.00000000E+00   0.00000000E+00   0.00000000E+00
  -0.20720961E+02   0.00000000E+00   0.00000000E+00   0.00000000E+00
  -0.20697912E+02   0.00000000E+00   0.00000000E+00   0.00000000E+00
  -0.20674863E+02   0.00000000E+00   0.00000000E+00   0.00000000E+00
  -0.20651814E+02   0.00000000E+00   0.00000000E+00   0.00000000E+00
  -0.20628765E+02   0.00000000E+00   0.00000000E+00   0.00000000E+00
  -0.20605716E+02   0.00000000E+00   0.00000000E+00   0.00000000E+00
  -0.20582668E+02   0.00000000E+00   0.00000000E+00   0.00000000E+00
  -0.20559619E+02   0.00000000E+00   0.00000000E+00   0.00000000E+00
  -0.20536570E+02   0.00000000E+00   0.00000000E+00   0.00000000E+00
  -0.20513521E+02   0.00000000E+00   0.00000000E+00   0.00000000E+00
  -0.20490472E+02   0.00000000E+00   0.00000000E+00   0.00000000E+00
  -0.20467423E+02   0.00000000E+00   0.00000000E+00   0.00000000E+00
  -0.20444374E+02   0.00000000E+00   0.00000000E+00   0.00000000E+00
  -0.20421325E+02   0.00000000E+00   0.00000000E+00   0.00000000E+00
  -0.20398276E+02   0.00000000E+00   0.00000000E+00   0.00000000E+00
  -0.20375227E+02   0.00000000E+00   0.00000000E+00   0.00000000E+00
  -0.20352179E+02   0.00000000E+00   0.00000000E+00   0.00000000E+00
  -0.20329130E+02   0.00000000E+00   0.00000000E+00   0.00000000E+00
  -0.20306081E+02   0.00000000E+00   0.00000000E+00   0.00000000E+00
  -0.20283032E+02   0.00000000E+00   0.00000000E+00   0.00000000E+00
  -0.20259983E+02   0.00000000E+00   0.00000000E+00   0.00000000E+00
  -0.20236934E+02   0.00000000E+00   0.00000000E+00   0.00000000E+00
  -0.20213885E+02   0.00000000E+00   0.00000000E+00   0.00000000E+00
  -0.20190836E+02   0.00000000E+00   0.00000000E+00   0.00000000E+00
  -0.20167787E+02   0.00000000E+00   0.00000000E+00   0.00000000E+00
  -0.20144738E+02   0.00000000E+00   0.00000000E+00   0.00000000E+00
  -0.20121690E+02   0.00000000E+00   0.00000000E+00   0.00000000E+00
  -0.20098641E+02   0.00000000E+00   0.00000000E+00   0.49406565E-323
  -0.20075592E+02   0.00000000E+00   0.00000000E+00  -0.14821969E-322
  -0.20052543E+02   0.00000000E+00   0.00000000E+00   0.59287878E-322
  -0.20029494E+02   0.00000000E+00   0.00000000E+00  -0.21244823E-321
  -0.20006445E+02   0.00000000E+00   0.00000000E+00   0.79050503E-321
  -0.19983396E+02   0.00000000E+00   0.00000000E+00  -0.29446312E-320
  -0.19960347E+02   0.00000000E+00   0.00000000E+00   0.10983079E-319
  -0.19937298E+02   0.00000000E+00   0.00000000E+00  -0.40992627E-319
  -0.19914249E+02   0.00000000E+00   0.00000000E+00   0.15298249E-318
  -0.19891201E+02   0.00000000E+00   0.00000000E+00  -0.57094720E-318
  -0.19868152E+02   0.00000000E+00   0.00000000E+00   0.21307964E-317
  -0.19845103E+02   0.00000000E+00   0.00000000E+00  -0.79522435E-317
  -0.19822054E+02   0.00000000E+00   0.00000000E+00   0.29678173E-316
  -0.19799005E+02   0.00000000E+00   0.00000000E+00  -0.11076044E-315
  -0.19775956E+02   0.00000000E+00   0.00000000E+00   0.41336359E-315
  -0.19752907E+02   0.00000000E+00   0.00000000E+00  -0.15426939E-314
  -0.19729858E+02   0.00000000E+00   0.00000000E+00   0.57574121E-314
  -0.19706809E+02   0.00000000E+00   0.00000000E+00  -0.21486954E-313
  -0.19683760E+02   0.00000000E+00   0.00000000E+00   0.80190406E-313
  -0.19660712E+02   0.00000000E+00   0.00000000E+00  -0.29927467E-312
  -0.19637663E+02   0.00000000E+00   0.00000000E+00   0.11169083E-311
  -0.19614614E+02   0.00000000E+00   0.00000000E+00  -0.41683584E-311
  -0.19591565E+02   0.00000000E+00   0.00000000E+00   0.15556525E-310
  -0.19568516E+02   0.00000000E+00   0.00000000E+00  -0.58057743E-310
  -0.19545467E+02   0.00000000E+00   0.00000000E+00   0.21667445E-309
  -0.19522418E+02   0.00000000E+00   0.00000000E+00  -0.80864004E-309
  -0.19499369E+02   0.00000000E+00   0.00000000E+00   0.30178857E-308
  -0.19476320E+02   0.00000000E+00   0.00000000E+00  -0.11262903E-307
  -0.19453271E+02   0.00000000E+00   0.00000000E+00   0.42033726E-307
  -0.19430223E+02   0.00000000E+00   0.00000000E+00  -0.15687200E-306
  -0.19407174E+02   0.00000000E+00   0.00000000E+00   0.58545428E-306
  -0.19384125E+02   0.00000000E+00   0.00000000E+00  -0.21849451E-305
  -0.19361076E+02   0.00000000E+00   0.00000000E+00   0.81543261E-305
  -0.19338027E+02   0.00000000E+00   0.00000000E+00  -0.30432359E-304
  -0.19314978E+02   0.00000000E+00   0.00000000E+00   0.11357511E-303
  -0.19291929E+02   0.00000000E+00   0.00000000E+00  -0.42386809E-303
  -0.19268880E+02   0.00000000E+00   0.00000000E+00   0.15818972E-302
  -0.19245831E+02   0.00000000E+00   0.00000000E+00  -0.59037209E-302
  -0.19222782E+02   0.00000000E+00   0.00000000E+00   0.22032986E-301
  -0.19199734E+02   0.00000000E+00   0.00000000E+00  -0.82228224E-301
  -0.19176685E+02   0.00000000E+00   0.00000000E+00   0.30687991E-300
  -0.19153636E+02   0.00000000E+00   0.00000000E+00  -0.11452914E-299
  -0.19130587E+02   0.00000000E+00   0.00000000E+00   0.42742857E-299
  -0.19107538E+02   0.00000000E+00   0.00000000E+00  -0.15951852E-298
  -0.19084489E+02   0.00000000E+00   0.00000000E+00   0.59533120E-298
  -0.19061440E+02   0.00000000E+00   0.00000000E+00  -0.22218063E-297
  -0.19038391E+02   0.00000000E+00   0.00000000E+00   0.82918940E-297
  -0.19015342E+02   0.00000000E+00   0.00000000E+00  -0.30945770E-296
  -0.18992293E+02   0.00000000E+00   0.00000000E+00   0.11549118E-295
  -0.18969245E+02   0.00000000E+00   0.00000000E+00  -0.43101897E-295
  -0.18946196E+02   0.00000000E+00   0.00000000E+00   0.16085847E-294
  -0.18923147E+02   0.00000000E+00   0.00000000E+00  -0.60033198E-294
  -0.18900098E+02   0.00000000E+00   0.00000000E+00   0.22404695E-293
  -0.18877049E+02   0.00000000E+00   0.00000000E+00  -0.83615458E-293
  -0.18854000E+02   0.00000000E+00   0.00000000E+00   0.31205714E-292
  -0.18830951E+02   0.00000000E+00   0.00000000E+00  -0.11646131E-291
  -0.18807902E+02   0.00000000E+00   0.00000000E+00   0.43463953E-291
  -0.18784853E+02   0.00000000E+00   0.00000000E+00  -0.16220968E-290
  -0.18761804E+02   0.00000000E+00   0.00000000E+00   0.60537476E-290
  -0.18738756E+02   0.00000000E+00   0.00000000E+00  -0.22592894E-289
  -0.18715707E+02   0.00000000E+00   0.00000000E+00   0.84317827E-289
  -0.18692658E+02   0.00000000E+00   0.00000000E+00  -0.31467842E-288
  -0.18669609E+02   0.00000000E+00   0.00000000E+00   0.11743958E-287
  -0.18646560E+02   0.00000000E+00   0.00000000E+00  -0.43829049E-287
  -0.18623511E+02   0.00000000E+00   0.00000000E+00   0.16357224E-286
  -0.18600462E+02   0.00000000E+00   0.00000000E+00  -0.61045991E-286
  -0.18577413E+02   0.00000000E+00   0.00000000E+00   0.22782674E-285
  -0.18554364E+02   0.00000000E+00   0.00000000E+00  -0.85026096E-285
  -0.18531315E+02   0.00000000E+00   0.00000000E+00   0.31732171E-284
  -0.18508267E+02   0.00000000E+00   0.00000000E+00  -0.11842607E-283
  -0.18485218E+02   0.00000000E+00   0.00000000E+00   0.44197213E-283
  -0.18462169E+02   0.00000000E+00   0.00000000E+00  -0.16494624E-282
  -0.18439120E+02   0.00000000E+00   0.00000000E+00   0.61558776E-282
  -0.18416071E+02   0.00000000E+00   0.00000000E+00  -0.22974048E-281
  -0.18393022E+02   0.00000000E+00   0.00000000E+00   0.85740315E-281
  -0.18369973E+02   0.00000000E+00   0.00000000E+00  -0.31998721E-280
  -0.18346924E+02   0.00000000E+00   0.00000000E+00   0.11942085E-279
  -0.18323875E+02   0.00000000E+00   0.00000000E+00  -0.44568469E-279
  -0.18300826E+02   0.00000000E+00   0.00000000E+00   0.16633179E-278
  -0.18277778E+02   0.00000000E+00   0.00000000E+00  -0.62075869E-278
  -0.18254729E+02   0.00000000E+00   0.00000000E+00   0.23167030E-277
  -0.18231680E+02   0.00000000E+00   0.00000000E+00  -0.86460532E-277
  -0.18208631E+02   0.00000000E+00   0.00000000E+00   0.32267510E-276
  -0.18185582E+02   0.00000000E+00   0.00000000E+00  -0.12042399E-275
  -0.18162533E+02   0.00000000E+00   0.00000000E+00   0.44942844E-275
  -0.18139484E+02   0.00000000E+00   0.00000000E+00  -0.16772898E-274
  -0.18116435E+02   0.00000000E+00   0.00000000E+00   0.62597306E-274
  -0.18093386E+02   0.00000000E+00   0.00000000E+00  -0.23361633E-273
  -0.18070337E+02   0.00000000E+00   0.00000000E+00   0.87186800E-273
  -0.18047289E+02   0.00000000E+00   0.00000000E+00  -0.32538557E-272
  -0.18024240E+02   0.00000000E+00   0.00000000E+00   0.12143555E-271
  -0.18001191E+02   0.00000000E+00   0.00000000E+00  -0.45320363E-271
  -0.17978142E+02   0.00000000E+00   0.00000000E+00   0.16913790E-270
  -0.17955093E+02   0.00000000E+00   0.00000000E+00  -0.63123123E-270
  -0.17932044E+02   0.00000000E+00   0.00000000E+00   0.23557870E-269
  -0.17908995E+02   0.00000000E+00   0.00000000E+00  -0.87919168E-269
  -0.17885946E+02   0.00000000E+00   0.00000000E+00   0.32811880E-268
  -0.17862897E+02   0.00000000E+00   0.00000000E+00  -0.12245560E-267
  -0.17839848E+02   0.00000000E+00   0.00000000E+00   0.45701054E-267
  -0.17816800E+02   0.00000000E+00   0.00000000E+00  -0.17055865E-266
  -0.17793751E+02   0.00000000E+00   0.00000000E+00   0.63653356E-266
  -0.17770702E+02   0.00000000E+00   0.00000000E+00  -0.23755756E-265
  -0.17747653E+02   0.00000000E+00   0.00000000E+00   0.88657688E-265
  -0.17724604E+02   0.00000000E+00   0.00000000E+00  -0.33087500E-264
  -0.17701555E+02   0.00000000E+00   0.00000000E+00   0.12348423E-263
  -0.17678506E+02   0.00000000E+00   0.00000000E+00  -0.46084942E-263
  -0.17655457E+02   0.00000000E+00   0.00000000E+00   0.17199135E-262
  -0.17632408E+02   0.00000000E+00   0.00000000E+00  -0.64188044E-262
  -0.17609359E+02   0.00000000E+00   0.00000000E+00   0.23955304E-261
  -0.17586311E+02   0.00000000E+00   0.00000000E+00  -0.89402412E-261
  -0.17563262E+02   0.00000000E+00   0.00000000E+00   0.33365434E-260
  -0.17540213E+02   0.00000000E+00   0.00000000E+00  -0.12452150E-259
  -0.17517164E+02   0.00000000E+00   0.00000000E+00   0.46472055E-259
  -0.17494115E+02   0.00000000E+00   0.00000000E+00  -0.17343607E-258
  -0.17471066E+02   0.00000000E+00   0.00000000E+00   0.64727223E-258
  -0.17448017E+02   0.00000000E+00   0.00000000E+00  -0.24156528E-257
  -0.17424968E+02   0.00000000E+00   0.00000000E+00   0.90153392E-257
  -0.17401919E+02   0.00000000E+00   0.00000000E+00  -0.33645704E-256
  -0.17378870E+02   0.00000000E+00   0.00000000E+00   0.12556748E-255
  -0.17355822E+02   0.00000000E+00   0.00000000E+00  -0.46862420E-255
  -0.17332773E+02   0.00000000E+00   0.00000000E+00   0.17489293E-254
  -0.17309724E+02   0.00000000E+00   0.00000000E+00  -0.65270931E-254
  -0.17286675E+02   0.00000000E+00   0.00000000E+00   0.24359443E-253
  -0.17263626E+02   0.00000000E+00   0.00000000E+00  -0.90910679E-253
  -0.17240577E+02   0.00000000E+00   0.00000000E+00   0.33928327E-252
  -0.17217528E+02   0.00000000E+00   0.00000000E+00  -0.12662224E-251
  -0.17194479E+02   0.00000000E+00   0.00000000E+00   0.47256064E-251
  -0.17171430E+02   0.00000000E+00   0.00000000E+00  -0.17636203E-250
  -0.17148381E+02   0.00000000E+00   0.00000000E+00   0.65819206E-250
  -0.17125333E+02   0.00000000E+00   0.00000000E+00  -0.24564062E-249
  -0.17102284E+02   0.00000000E+00   0.00000000E+00   0.91674328E-249
  -0.17079235E+02   0.00000000E+00   0.00000000E+00  -0.34213325E-248
  -0.17056186E+02   0.00000000E+00   0.00000000E+00   0.12768587E-247
  -0.17033137E+02   0.00000000E+00   0.00000000E+00  -0.47653014E-247
  -0.17010088E+02   0.00000000E+00   0.00000000E+00   0.17784347E-246
  -0.16987039E+02   0.00000000E+00   0.00000000E+00  -0.66372087E-246
  -0.16963990E+02   0.00000000E+00   0.00000000E+00   0.24770400E-245
  -0.16940941E+02   0.00000000E+00   0.00000000E+00  -0.92444391E-245
  -0.16917892E+02   0.00000000E+00   0.00000000E+00   0.34500717E-244
  -0.16894844E+02   0.00000000E+00   0.00000000E+00  -0.12875843E-243
  -0.16871795E+02   0.00000000E+00   0.00000000E+00   0.48053299E-243
  -0.16848746E+02   0.00000000E+00   0.00000000E+00  -0.17933735E-242
  -0.16825697E+02   0.00000000E+00   0.00000000E+00   0.66929612E-242
  -0.16802648E+02   0.00000000E+00   0.00000000E+00  -0.24978471E-241
  -0.16779599E+02   0.00000000E+00   0.00000000E+00   0.93220923E-241
  -0.16756550E+02   0.00000000E+00   0.00000000E+00  -0.34790522E-240
  -0.16733501E+02   0.00000000E+00   0.00000000E+00   0.12984000E-239
  -0.16710452E+02   0.00000000E+00   0.00000000E+00  -0.48456946E-239
  -0.16687403E+02   0.00000000E+00   0.00000000E+00   0.18084379E-238
  -0.16664355E+02   0.00000000E+00   0.00000000E+00  -0.67491820E-238
  -0.16641306E+02   0.00000000E+00   0.00000000E+00   0.25188290E-237
  -0.16618257E+02   0.00000000E+00   0.00000000E+00  -0.94003978E-237
  -0.16595208E+02   0.00000000E+00   0.00000000E+00   0.35082762E-236
  -0.16572159E+02   0.00000000E+00   0.00000000E+00  -0.13093065E-235
  -0.16549110E+02   0.00000000E+00   0.00000000E+00   0.48863984E-235
  -0.16526061E+02   0.00000000E+00   0.00000000E+00  -0.18236287E-234
  -0.16503012E+02   0.00000000E+00   0.00000000E+00   0.68058750E-234
  -0.16479963E+02   0.00000000E+00   0.00000000E+00  -0.25399871E-233
  -0.16456914E+02   0.00000000E+00   0.00000000E+00   0.94793611E-233
  -0.16433866E+02   0.00000000E+00   0.00000000E+00  -0.35377457E-232
  -0.16410817E+02   0.00000000E+00   0.00000000E+00   0.13203047E-231
  -0.16387768E+02   0.00000000E+00   0.00000000E+00  -0.49274441E-231
  -0.16364719E+02   0.00000000E+00   0.00000000E+00   0.18389472E-230
  -0.16341670E+02   0.00000000E+00   0.00000000E+00  -0.68630443E-230
  -0.16318621E+02   0.00000000E+00   0.00000000E+00   0.25613230E-229
  -0.16295572E+02   0.00000000E+00   0.00000000E+00  -0.95589876E-229
  -0.16272523E+02   0.00000000E+00   0.00000000E+00   0.35674627E-228
  -0.16249474E+02   0.00000000E+00   0.00000000E+00  -0.13313952E-227
  -0.16226425E+02   0.00000000E+00   0.00000000E+00   0.49688346E-227
  -0.16203377E+02   0.00000000E+00   0.00000000E+00  -0.18543943E-226
  -0.16180328E+02   0.00000000E+00   0.00000000E+00   0.69206938E-226
  -0.16157279E+02   0.00000000E+00   0.00000000E+00  -0.25828381E-225
  -0.16134230E+02   0.00000000E+00   0.00000000E+00   0.96392830E-225
  -0.16111181E+02   0.00000000E+00   0.00000000E+00  -0.35974294E-224
  -0.16088132E+02   0.00000000E+00   0.00000000E+00   0.13425789E-223
  -0.16065083E+02   0.00000000E+00   0.00000000E+00  -0.50105728E-223
  -0.16042034E+02   0.00000000E+00   0.00000000E+00   0.18699712E-222
  -0.16018985E+02   0.00000000E+00   0.00000000E+00  -0.69788276E-222
  -0.15995936E+02   0.00000000E+00   0.00000000E+00   0.26045339E-221
  -0.15972888E+02   0.00000000E+00   0.00000000E+00  -0.97202529E-221
  -0.15949839E+02   0.00000000E+00   0.00000000E+00   0.36276478E-220
  -0.15926790E+02   0.00000000E+00   0.00000000E+00  -0.13538566E-219
  -0.15903741E+02   0.00000000E+00   0.00000000E+00   0.50526615E-219
  -0.15880692E+02   0.00000000E+00   0.00000000E+00  -0.18856790E-218
  -0.15857643E+02   0.00000000E+00   0.00000000E+00   0.70374497E-218
  -0.15834594E+02   0.00000000E+00   0.00000000E+00  -0.26264120E-217
  -0.15811545E+02   0.00000000E+00   0.00000000E+00   0.98019029E-217
  -0.15788496E+02   0.00000000E+00   0.00000000E+00  -0.36581200E-216
  -0.15765447E+02   0.00000000E+00   0.00000000E+00   0.13652290E-215
  -0.15742399E+02   0.00000000E+00   0.00000000E+00  -0.50951038E-215
  -0.15719350E+02   0.00000000E+00   0.00000000E+00   0.19015186E-214
  -0.15696301E+02   0.00000000E+00   0.00000000E+00  -0.70965642E-214
  -0.15673252E+02   0.00000000E+00   0.00000000E+00   0.26484738E-213
  -0.15650203E+02   0.00000000E+00   0.00000000E+00  -0.98842388E-213
  -0.15627154E+02   0.00000000E+00   0.00000000E+00   0.36888481E-212
  -0.15604105E+02   0.00000000E+00   0.00000000E+00  -0.13766969E-211
  -0.15581056E+02   0.00000000E+00   0.00000000E+00   0.51379027E-211
  -0.15558007E+02   0.00000000E+00   0.00000000E+00  -0.19174914E-210
  -0.15534958E+02   0.00000000E+00   0.00000000E+00   0.71561752E-210
  -0.15511910E+02   0.00000000E+00   0.00000000E+00  -0.26707210E-209
  -0.15488861E+02   0.00000000E+00   0.00000000E+00   0.99672663E-209
  -0.15465812E+02   0.00000000E+00   0.00000000E+00  -0.37198344E-208
  -0.15442763E+02   0.00000000E+00   0.00000000E+00   0.13882611E-207
  -0.15419714E+02   0.00000000E+00   0.00000000E+00  -0.51810610E-207
  -0.15396665E+02   0.00000000E+00   0.00000000E+00   0.19335983E-206
  -0.15373616E+02   0.00000000E+00   0.00000000E+00  -0.72162870E-206
  -0.15350567E+02   0.00000000E+00   0.00000000E+00   0.26931550E-205
  -0.15327518E+02   0.00000000E+00   0.00000000E+00  -0.10050991E-204
  -0.15304469E+02   0.00000000E+00   0.00000000E+00   0.37510810E-204
  -0.15281421E+02   0.00000000E+00   0.00000000E+00  -0.13999225E-203
  -0.15258372E+02   0.00000000E+00   0.00000000E+00   0.52245819E-203
  -0.15235323E+02   0.00000000E+00   0.00000000E+00  -0.19498405E-202
  -0.15212274E+02   0.00000000E+00   0.00000000E+00   0.72769038E-202
  -0.15189225E+02   0.00000000E+00   0.00000000E+00  -0.27157775E-201
  -0.15166176E+02   0.00000000E+00   0.00000000E+00   0.10135419E-200
  -0.15143127E+02   0.00000000E+00   0.00000000E+00  -0.37825900E-200
  -0.15120078E+02   0.00000000E+00   0.00000000E+00   0.14116818E-199
  -0.15097029E+02   0.00000000E+00   0.00000000E+00  -0.52684683E-199
  -0.15073980E+02   0.00000000E+00   0.00000000E+00   0.19662191E-198
  -0.15050932E+02   0.00000000E+00   0.00000000E+00  -0.73380297E-198
  -0.15027883E+02   0.00000000E+00   0.00000000E+00   0.27385900E-197
  -0.15004834E+02   0.00000000E+00   0.00000000E+00  -0.10220557E-196
  -0.14981785E+02   0.00000000E+00   0.00000000E+00   0.38143638E-196
  -0.14958736E+02   0.00000000E+00   0.00000000E+00  -0.14235399E-195
  -0.14935687E+02   0.00000000E+00   0.00000000E+00   0.53127234E-195
  -0.14912638E+02   0.00000000E+00   0.00000000E+00  -0.19827354E-194
  -0.14889589E+02   0.00000000E+00   0.00000000E+00   0.73996691E-194
  -0.14866540E+02   0.00000000E+00   0.00000000E+00  -0.27615941E-193
  -0.14843491E+02   0.00000000E+00   0.00000000E+00   0.10306409E-192
  -0.14820443E+02   0.00000000E+00   0.00000000E+00  -0.38464044E-192
  -0.14797394E+02   0.00000000E+00   0.00000000E+00   0.14354977E-191
  -0.14774345E+02   0.00000000E+00   0.00000000E+00  -0.53573502E-191
  -0.14751296E+02   0.00000000E+00   0.00000000E+00   0.19993903E-190
  -0.14728247E+02   0.00000000E+00   0.00000000E+00  -0.74618262E-190
  -0.14705198E+02   0.00000000E+00   0.00000000E+00   0.27847915E-189
  -0.14682149E+02   0.00000000E+00   0.00000000E+00  -0.10392983E-188
  -0.14659100E+02   0.00000000E+00   0.00000000E+00   0.38787141E-188
  -0.14636051E+02   0.00000000E+00   0.00000000E+00  -0.14475558E-187
  -0.14613002E+02   0.00000000E+00   0.00000000E+00   0.54023519E-187
  -0.14589954E+02   0.00000000E+00   0.00000000E+00  -0.20161852E-186
  -0.14566905E+02   0.00000000E+00   0.00000000E+00   0.75245055E-186
  -0.14543856E+02   0.00000000E+00   0.00000000E+00  -0.28081837E-185
  -0.14520807E+02   0.00000000E+00   0.00000000E+00   0.10480284E-184
  -0.14497758E+02   0.00000000E+00   0.00000000E+00  -0.39112953E-184
  -0.14474709E+02   0.00000000E+00   0.00000000E+00   0.14597153E-183
  -0.14451660E+02   0.00000000E+00   0.00000000E+00  -0.54477316E-183
  -0.14428611E+02   0.00000000E+00   0.00000000E+00   0.20331211E-182
  -0.14405562E+02   0.00000000E+00   0.00000000E+00  -0.75877113E-182
  -0.14382513E+02   0.00000000E+00   0.00000000E+00   0.28317724E-181
  -0.14359465E+02   0.00000000E+00   0.00000000E+00  -0.10568318E-180
  -0.14336416E+02   0.00000000E+00   0.00000000E+00   0.39441501E-180
  -0.14313367E+02   0.00000000E+00   0.00000000E+00  -0.14719769E-179
  -0.14290318E+02   0.00000000E+00   0.00000000E+00   0.54934925E-179
  -0.14267269E+02   0.00000000E+00   0.00000000E+00  -0.20501993E-178
  -0.14244220E+02   0.00000000E+00   0.00000000E+00   0.76514480E-178
  -0.14221171E+02   0.00000000E+00   0.00000000E+00  -0.28555593E-177
  -0.14198122E+02   0.00000000E+00   0.00000000E+00   0.10657092E-176
  -0.14175073E+02   0.00000000E+00   0.00000000E+00  -0.39772810E-176
  -0.14152024E+02   0.00000000E+00   0.00000000E+00   0.14843415E-175
  -0.14128976E+02   0.00000000E+00   0.00000000E+00  -0.55396378E-175
  -0.14105927E+02   0.00000000E+00   0.00000000E+00   0.20674210E-174
  -0.14082878E+02   0.00000000E+00   0.00000000E+00  -0.77157201E-174
  -0.14059829E+02   0.00000000E+00   0.00000000E+00   0.28795459E-173
  -0.14036780E+02   0.00000000E+00   0.00000000E+00  -0.10746612E-172
  -0.14013731E+02   0.00000000E+00   0.00000000E+00   0.40106901E-172
  -0.13990682E+02   0.00000000E+00   0.00000000E+00  -0.14968099E-171
  -0.13967633E+02   0.00000000E+00   0.00000000E+00   0.55861707E-171
  -0.13944584E+02   0.00000000E+00   0.00000000E+00  -0.20847873E-170
  -0.13921535E+02   0.00000000E+00   0.00000000E+00   0.77805320E-170
  -0.13898487E+02   0.00000000E+00   0.00000000E+00  -0.29037341E-169
  -0.13875438E+02   0.00000000E+00   0.00000000E+00   0.10836883E-168
  -0.13852389E+02   0.00000000E+00   0.00000000E+00  -0.40443798E-168
  -0.13829340E+02   0.00000000E+00   0.00000000E+00   0.15093831E-167
  -0.13806291E+02   0.00000000E+00   0.00000000E+00  -0.56330944E-167
  -0.13783242E+02   0.00000000E+00   0.00000000E+00   0.21022995E-166
  -0.13760193E+02   0.00000000E+00   0.00000000E+00  -0.78458884E-166
  -0.13737144E+02   0.00000000E+00   0.00000000E+00   0.29281254E-165
  -0.13714095E+02   0.00000000E+00   0.00000000E+00  -0.10927913E-164
  -0.13691046E+02   0.00000000E+00   0.00000000E+00   0.40783526E-164
  -0.13667998E+02   0.00000000E+00   0.00000000E+00  -0.15220619E-163
  -0.13644949E+02   0.00000000E+00   0.00000000E+00   0.56804124E-163
  -0.13621900E+02   0.00000000E+00   0.00000000E+00  -0.21199588E-162
  -0.13598851E+02   0.00000000E+00   0.00000000E+00   0.79117938E-162
  -0.13575802E+02   0.00000000E+00   0.00000000E+00  -0.29527216E-161
  -0.13552753E+02   0.00000000E+00   0.00000000E+00   0.11019707E-160
  -0.13529704E+02   0.00000000E+00   0.00000000E+00  -0.41126107E-160
  -0.13506655E+02   0.00000000E+00   0.00000000E+00   0.15348472E-159
  -0.13483606E+02   0.00000000E+00   0.00000000E+00  -0.57281278E-159
  -0.13460558E+02   0.00000000E+00   0.00000000E+00   0.21377664E-158
  -0.13437509E+02   0.00000000E+00   0.00000000E+00  -0.79782528E-158
  -0.13414460E+02   0.00000000E+00   0.00000000E+00   0.29775245E-157
  -0.13391411E+02   0.00000000E+00   0.00000000E+00  -0.11112273E-156
  -0.13368362E+02   0.00000000E+00   0.00000000E+00   0.41471566E-156
  -0.13345313E+02   0.00000000E+00   0.00000000E+00  -0.15477399E-155
  -0.13322264E+02   0.00000000E+00   0.00000000E+00   0.57762440E-155
  -0.13299215E+02   0.00000000E+00   0.00000000E+00  -0.21557236E-154
  -0.13276166E+02   0.00000000E+00   0.00000000E+00   0.80452700E-154
  -0.13253117E+02   0.00000000E+00   0.00000000E+00  -0.30025357E-153
  -0.13230069E+02   0.00000000E+00   0.00000000E+00   0.11205616E-152
  -0.13207020E+02   0.00000000E+00   0.00000000E+00  -0.41819927E-152
  -0.13183971E+02   0.00000000E+00   0.00000000E+00   0.15607409E-151
  -0.13160922E+02   0.00000000E+00   0.00000000E+00  -0.58247644E-151
  -0.13137873E+02   0.00000000E+00   0.00000000E+00   0.21738317E-150
  -0.13114824E+02   0.00000000E+00   0.00000000E+00  -0.81128502E-150
  -0.13091775E+02   0.00000000E+00   0.00000000E+00   0.30277569E-149
  -0.13068726E+02   0.00000000E+00   0.00000000E+00  -0.11299743E-148
  -0.13045677E+02   0.00000000E+00   0.00000000E+00   0.42171214E-148
  -0.13022628E+02   0.00000000E+00   0.00000000E+00  -0.15738511E-147
  -0.12999580E+02   0.00000000E+00   0.00000000E+00   0.58736924E-147
  -0.12976531E+02   0.00000000E+00   0.00000000E+00  -0.21920918E-146
  -0.12953482E+02   0.00000000E+00   0.00000000E+00   0.81809981E-146
  -0.12930433E+02   0.00000000E+00   0.00000000E+00  -0.30531901E-145
  -0.12907384E+02   0.00000000E+00   0.00000000E+00   0.11394660E-144
  -0.12884335E+02   0.00000000E+00   0.00000000E+00  -0.42525452E-144
  -0.12861286E+02   0.00000000E+00   0.00000000E+00   0.15870715E-143
  -0.12838237E+02   0.00000000E+00   0.00000000E+00  -0.59230313E-143
  -0.12815188E+02   0.00000000E+00   0.00000000E+00   0.22105054E-142
  -0.12792139E+02   0.00000000E+00   0.00000000E+00  -0.82497184E-142
  -0.12769091E+02   0.00000000E+00   0.00000000E+00   0.30788368E-141
  -0.12746042E+02   0.00000000E+00   0.00000000E+00  -0.11490375E-140
  -0.12722993E+02   0.00000000E+00   0.00000000E+00   0.42882665E-140
  -0.12699944E+02   0.00000000E+00   0.00000000E+00  -0.16004028E-139
  -0.12676895E+02   0.00000000E+00   0.00000000E+00   0.59727847E-139
  -0.12653846E+02   0.00000000E+00   0.00000000E+00  -0.22290736E-138
  -0.12630797E+02   0.00000000E+00   0.00000000E+00   0.83190159E-138
  -0.12607748E+02   0.00000000E+00   0.00000000E+00  -0.31046990E-137
  -0.12584699E+02   0.00000000E+00   0.00000000E+00   0.11586894E-136
  -0.12561650E+02   0.00000000E+00   0.00000000E+00  -0.43242879E-136
  -0.12538602E+02   0.00000000E+00   0.00000000E+00   0.16138462E-135
  -0.12515553E+02   0.00000000E+00   0.00000000E+00  -0.60229561E-135
  -0.12492504E+02   0.00000000E+00   0.00000000E+00   0.22477978E-134
  -0.12469455E+02   0.00000000E+00   0.00000000E+00  -0.83888956E-134
  -0.12446406E+02   0.00000000E+00   0.00000000E+00   0.31307785E-133
  -0.12423357E+02   0.00000000E+00   0.00000000E+00  -0.11684224E-132
  -0.12400308E+02   0.00000000E+00   0.00000000E+00   0.43606119E-132
  -0.12377259E+02   0.00000000E+00   0.00000000E+00  -0.16274025E-131
  -0.12354210E+02   0.00000000E+00   0.00000000E+00   0.60735488E-131
  -0.12331161E+02   0.00000000E+00   0.00000000E+00  -0.22666793E-130
  -0.12308113E+02   0.00000000E+00   0.00000000E+00   0.84593622E-130
  -0.12285064E+02   0.00000000E+00   0.00000000E+00  -0.31570770E-129
  -0.12262015E+02   0.00000000E+00   0.00000000E+00   0.11782372E-128
  -0.12238966E+02   0.00000000E+00   0.00000000E+00  -0.43972410E-128
  -0.12215917E+02   0.00000000E+00   0.00000000E+00   0.16410727E-127
  -0.12192868E+02   0.00000000E+00   0.00000000E+00  -0.61245666E-127
  -0.12169819E+02   0.00000000E+00   0.00000000E+00   0.22857194E-126
  -0.12146770E+02   0.00000000E+00   0.00000000E+00  -0.85304208E-126
  -0.12123721E+02   0.00000000E+00   0.00000000E+00   0.31835964E-125
  -0.12100672E+02   0.00000000E+00   0.00000000E+00  -0.11881343E-124
  -0.12077624E+02   0.00000000E+00   0.00000000E+00   0.44341777E-124
  -0.12054575E+02   0.00000000E+00   0.00000000E+00  -0.16548577E-123
  -0.12031526E+02   0.00000000E+00   0.00000000E+00   0.61760129E-123
  -0.12008477E+02   0.00000000E+00   0.00000000E+00  -0.23049194E-122
  -0.11985428E+02   0.00000000E+00   0.00000000E+00   0.86020762E-122
  -0.11962379E+02   0.00000000E+00   0.00000000E+00  -0.32103386E-121
  -0.11939330E+02   0.00000000E+00   0.00000000E+00   0.11981147E-120
  -0.11916281E+02   0.00000000E+00   0.00000000E+00  -0.44714248E-120
  -0.11893232E+02   0.00000000E+00   0.00000000E+00   0.16687584E-119
  -0.11870183E+02   0.00000000E+00   0.00000000E+00  -0.62278913E-119
  -0.11847135E+02   0.00000000E+00   0.00000000E+00   0.23242807E-118
  -0.11824086E+02   0.00000000E+00   0.00000000E+00  -0.86743336E-118
  -0.11801037E+02   0.00000000E+00   0.00000000E+00   0.32373054E-117
  -0.11777988E+02   0.00000000E+00   0.00000000E+00  -0.12081788E-116
  -0.11754939E+02   0.00000000E+00   0.00000000E+00   0.45089847E-116
  -0.11731890E+02   0.00000000E+00   0.00000000E+00  -0.16827760E-115
  -0.11708841E+02   0.00000000E+00   0.00000000E+00   0.62802055E-115
  -0.11685792E+02   0.00000000E+00   0.00000000E+00  -0.23438046E-114
  -0.11662743E+02   0.00000000E+00   0.00000000E+00   0.87471979E-114
  -0.11639694E+02   0.00000000E+00   0.00000000E+00  -0.32644987E-113
  -0.11616646E+02   0.00000000E+00   0.00000000E+00   0.12183275E-112
  -0.11593597E+02   0.00000000E+00   0.00000000E+00  -0.45468601E-112
  -0.11570548E+02   0.00000000E+00   0.00000000E+00   0.16969113E-111
  -0.11547499E+02   0.00000000E+00   0.00000000E+00  -0.63329592E-111
  -0.11524450E+02   0.00000000E+00   0.00000000E+00   0.23634926E-110
  -0.11501401E+02   0.00000000E+00   0.00000000E+00  -0.88206743E-110
  -0.11478352E+02   0.00000000E+00   0.00000000E+00   0.32919205E-109
  -0.11455303E+02   0.00000000E+00   0.00000000E+00  -0.12285614E-108
  -0.11432254E+02   0.00000000E+00   0.00000000E+00   0.45850537E-108
  -0.11409205E+02   0.00000000E+00   0.00000000E+00  -0.17111653E-107
  -0.11386157E+02   0.00000000E+00   0.00000000E+00   0.63861560E-107
  -0.11363108E+02   0.00000000E+00   0.00000000E+00  -0.23833459E-106
  -0.11340059E+02   0.00000000E+00   0.00000000E+00   0.88947679E-106
  -0.11317010E+02   0.00000000E+00   0.00000000E+00  -0.33195726E-105
  -0.11293961E+02   0.00000000E+00   0.00000000E+00   0.12388813E-104
  -0.11270912E+02   0.00000000E+00   0.00000000E+00  -0.46235681E-104
  -0.11247863E+02   0.00000000E+00   0.00000000E+00   0.17255391E-103
  -0.11224814E+02   0.00000000E+00   0.00000000E+00  -0.64397996E-103
  -0.11201765E+02   0.00000000E+00   0.00000000E+00   0.24033659E-102
  -0.11178716E+02   0.00000000E+00   0.00000000E+00  -0.89694838E-102
  -0.11155668E+02   0.00000000E+00   0.00000000E+00   0.33474569E-101
  -0.11132619E+02   0.00000000E+00   0.00000000E+00  -0.12492879E-100
  -0.11109570E+02   0.00000000E+00   0.00000000E+00   0.46624061E-100
  -0.11086521E+02   0.00000000E+00   0.00000000E+00  -0.17400336E-99
  -0.11063472E+02   0.00000000E+00   0.00000000E+00   0.64938939E-99
  -0.11040423E+02   0.00000000E+00   0.00000000E+00  -0.24235542E-98
  -0.11017374E+02   0.00000000E+00   0.00000000E+00   0.90448274E-98
  -0.10994325E+02   0.00000000E+00   0.00000000E+00  -0.33755755E-97
  -0.10971276E+02   0.00000000E+00   0.00000000E+00   0.12597819E-96
  -0.10948227E+02   0.00000000E+00   0.00000000E+00  -0.47015702E-96
  -0.10925179E+02   0.00000000E+00   0.00000000E+00   0.17546499E-95
  -0.10902130E+02   0.00000000E+00   0.00000000E+00  -0.65484425E-95
  -0.10879081E+02   0.00000000E+00   0.00000000E+00   0.24439120E-94
  -0.10856032E+02   0.00000000E+00   0.00000000E+00  -0.91208039E-94
  -0.10832983E+02   0.00000000E+00   0.00000000E+00   0.34039303E-93
  -0.10809934E+02   0.00000000E+00   0.00000000E+00  -0.12703641E-92
  -0.10786885E+02   0.00000000E+00   0.00000000E+00   0.47410634E-92
  -0.10763836E+02   0.00000000E+00   0.00000000E+00  -0.17693889E-91
  -0.10740787E+02   0.00000000E+00   0.00000000E+00   0.66034494E-91
  -0.10717738E+02   0.00000000E+00   0.00000000E+00  -0.24644409E-90
  -0.10694690E+02   0.00000000E+00   0.00000000E+00   0.91974185E-90
  -0.10671641E+02   0.00000000E+00   0.00000000E+00  -0.34325233E-89
  -0.10648592E+02   0.00000000E+00   0.00000000E+00   0.12810351E-88
  -0.10625543E+02   0.00000000E+00   0.00000000E+00  -0.47808882E-88
  -0.10602494E+02   0.00000000E+00   0.00000000E+00   0.17842518E-87
  -0.10579445E+02   0.00000000E+00   0.00000000E+00  -0.66589183E-87
  -0.10556396E+02   0.00000000E+00   0.00000000E+00   0.24851421E-86
  -0.10533347E+02   0.00000000E+00   0.00000000E+00  -0.92746767E-86
  -0.10510298E+02   0.00000000E+00   0.00000000E+00   0.34613565E-85
  -0.10487249E+02   0.00000000E+00   0.00000000E+00  -0.12917958E-84
  -0.10464201E+02   0.00000000E+00   0.00000000E+00   0.48210477E-84
  -0.10441152E+02   0.00000000E+00   0.00000000E+00  -0.17992395E-83
  -0.10418103E+02   0.00000000E+00   0.00000000E+00   0.67148532E-83
  -0.10395054E+02   0.00000000E+00   0.00000000E+00  -0.25060173E-82
  -0.10372005E+02   0.00000000E+00   0.00000000E+00   0.93525839E-82
  -0.10348956E+02   0.00000000E+00   0.00000000E+00  -0.34904318E-81
  -0.10325907E+02   0.00000000E+00   0.00000000E+00   0.13026469E-80
  -0.10302858E+02   0.00000000E+00   0.00000000E+00  -0.48615444E-80
  -0.10279809E+02   0.00000000E+00   0.00000000E+00   0.18143531E-79
  -0.10256760E+02   0.00000000E+00   0.00000000E+00  -0.67712579E-79
  -0.10233712E+02   0.00000000E+00   0.00000000E+00   0.25270678E-78
  -0.10210663E+02   0.00000000E+00   0.00000000E+00  -0.94311456E-78
  -0.10187614E+02   0.00000000E+00   0.00000000E+00   0.35197514E-77
  -0.10164565E+02   0.00000000E+00   0.00000000E+00  -0.13135891E-76
  -0.10141516E+02   0.00000000E+00   0.00000000E+00   0.49023813E-76
  -0.10118467E+02   0.00000000E+00   0.00000000E+00  -0.18295936E-75
  -0.10095418E+02   0.00000000E+00   0.00000000E+00   0.68281364E-75
  -0.10072369E+02   0.00000000E+00   0.00000000E+00  -0.25482952E-74
  -0.10049320E+02   0.00000000E+00   0.00000000E+00   0.95103671E-74
  -0.10026271E+02   0.00000000E+00   0.00000000E+00  -0.35493173E-73
  -0.10003223E+02   0.00000000E+00   0.00000000E+00   0.13246233E-72
  -0.99801736E+01   0.00000000E+00   0.00000000E+00  -0.49435613E-72
  -0.99571247E+01   0.00000000E+00   0.00000000E+00   0.18449622E-71
  -0.99340758E+01   0.00000000E+00   0.00000000E+00  -0.68854926E-71
  -0.99110269E+01   0.00000000E+00   0.00000000E+00   0.25697008E-70
  -0.98879780E+01   0.00000000E+00   0.00000000E+00  -0.95902541E-70
  -0.98649291E+01   0.00000000E+00   0.00000000E+00   0.35791315E-69
  -0.98418802E+01   0.00000000E+00   0.00000000E+00  -0.13357501E-68
  -0.98188313E+01   0.00000000E+00   0.00000000E+00   0.49850872E-68
  -0.97957824E+01   0.00000000E+00   0.00000000E+00  -0.18604599E-67
  -0.97727335E+01   0.00000000E+00   0.00000000E+00   0.69433307E-67
  -0.97496846E+01   0.00000000E+00   0.00000000E+00  -0.25912863E-66
  -0.97266357E+01   0.00000000E+00   0.00000000E+00   0.96708121E-66
  -0.97035868E+01   0.00000000E+00   0.00000000E+00  -0.36091962E-65
  -0.96805379E+01   0.00000000E+00   0.00000000E+00   0.13469704E-64
  -0.96574890E+01   0.00000000E+00   0.00000000E+00  -0.50269618E-64
  -0.96344401E+01   0.00000000E+00   0.00000000E+00   0.18760877E-63
  -0.96113912E+01   0.00000000E+00   0.00000000E+00  -0.70016546E-63
  -0.95883423E+01   0.00000000E+00   0.00000000E+00   0.26130531E-62
  -0.95652934E+01   0.00000000E+00   0.00000000E+00  -0.97520468E-62
  -0.95422445E+01   0.00000000E+00   0.00000000E+00   0.36395134E-61
  -0.95191956E+01   0.00000000E+00   0.00000000E+00  -0.13582849E-60
  -0.94961467E+01   0.00000000E+00   0.00000000E+00   0.50691883E-60
  -0.94730978E+01   0.00000000E+00   0.00000000E+00  -0.18918468E-59
  -0.94500489E+01   0.00000000E+00   0.00000000E+00   0.70604684E-59
  -0.94270000E+01   0.00000000E+00   0.00000000E+00  -0.26350027E-58
  -0.94039511E+01   0.00000000E+00   0.00000000E+00   0.98339639E-58
  -0.93809022E+01   0.00000000E+00   0.00000000E+00  -0.36700853E-57
  -0.93578533E+01   0.00000000E+00   0.00000000E+00   0.13696945E-56
  -0.93348044E+01   0.00000000E+00   0.00000000E+00  -0.51117694E-56
  -0.93117555E+01   0.00000000E+00   0.00000000E+00   0.19077383E-55
  -0.92887066E+01   0.00000000E+00   0.00000000E+00  -0.71197763E-55
  -0.92656577E+01   0.00000000E+00   0.00000000E+00   0.26571367E-54
  -0.92426088E+01   0.00000000E+00   0.00000000E+00  -0.99165691E-54
  -0.92195599E+01   0.00000000E+00   0.00000000E+00   0.37009140E-53
  -0.91965110E+01   0.00000000E+00   0.00000000E+00  -0.13811999E-52
  -0.91734621E+01   0.00000000E+00   0.00000000E+00   0.51547082E-52
  -0.91504132E+01   0.00000000E+00   0.00000000E+00  -0.19237633E-51
  -0.91273643E+01   0.00000000E+00   0.00000000E+00   0.71795824E-51
  -0.91043154E+01   0.00000000E+00   0.00000000E+00  -0.26794566E-50
  -0.90812665E+01   0.00000000E+00   0.00000000E+00   0.99998682E-50
  -0.90582176E+01   0.00000000E+00   0.00000000E+00  -0.37320016E-49
  -0.90351687E+01   0.00000000E+00   0.00000000E+00   0.13928020E-48
  -0.90121198E+01   0.00000000E+00   0.00000000E+00  -0.51980077E-48
  -0.89890709E+01   0.00000000E+00   0.00000000E+00   0.19399229E-47
  -0.89660220E+01   0.00000000E+00   0.00000000E+00  -0.72398908E-47
  -0.89429731E+01   0.00000000E+00   0.00000000E+00   0.27019640E-46
  -0.89199242E+01   0.00000000E+00   0.00000000E+00  -0.10083867E-45
  -0.88968753E+01   0.00000000E+00   0.00000000E+00   0.37633504E-45
  -0.88738264E+01   0.00000000E+00   0.00000000E+00  -0.14045015E-44
  -0.88507775E+01   0.00000000E+00   0.00000000E+00   0.52416709E-44
  -0.88277286E+01   0.00000000E+00   0.00000000E+00  -0.19562182E-43
  -0.88046797E+01   0.00000000E+00   0.00000000E+00   0.73007058E-43
  -0.87816308E+01   0.00000000E+00   0.00000000E+00  -0.27246605E-42
  -0.87585819E+01   0.00000000E+00   0.00000000E+00   0.10168571E-41
  -0.87355330E+01   0.00000000E+00   0.00000000E+00  -0.37949625E-41
  -0.87124841E+01   0.00000000E+00   0.00000000E+00   0.14162993E-40
  -0.86894352E+01   0.00000000E+00   0.00000000E+00  -0.52857009E-40
  -0.86663863E+01   0.00000000E+00   0.00000000E+00   0.19726504E-39
  -0.86433374E+01   0.00000000E+00   0.00000000E+00  -0.73620316E-39
  -0.86202885E+01   0.13841539E-312   0.14855948E-309   0.27475476E-38
  -0.85972396E+01   0.54844640E-302   0.57274496E-299  -0.10253987E-37
  -0.85741907E+01   0.11235014E-291   0.11415220E-288   0.38268402E-37
  -0.85511418E+01   0.12095138E-281   0.11955767E-278  -0.14281962E-36
  -0.85280929E+01   0.69533273E-272   0.66863231E-269   0.53301007E-36
  -0.85050440E+01   0.21682443E-262   0.20281635E-259  -0.19892207E-35
  -0.84819951E+01   0.37238491E-253   0.33881198E-250   0.74238726E-35
  -0.84589462E+01   0.35754263E-244   0.31640121E-241  -0.27706270E-34
  -0.84358973E+01   0.19473824E-235   0.16760104E-232   0.10340121E-33
  -0.84128484E+01   0.61031409E-227   0.51081716E-224  -0.38589856E-33
  -0.83897995E+01   0.11160507E-218   0.90835141E-216   0.14401930E-32
  -0.83667506E+01   0.12071296E-210   0.95532900E-208  -0.53748735E-32
  -0.83437017E+01   0.78259843E-203   0.60219639E-200   0.20059301E-31
  -0.83206528E+01   0.30809318E-195   0.23049013E-192  -0.74862331E-31
  -0.82976039E+01   0.74592718E-188   0.54251106E-185   0.27939002E-30
  -0.82745550E+01   0.11245227E-180   0.79504744E-178  -0.10426978E-29
  -0.82515061E+01   0.10684626E-173   0.73428977E-171   0.38914010E-29
  -0.82284572E+01   0.64745562E-167   0.43248599E-164  -0.14522906E-28
  -0.82054083E+01   0.25312872E-160   0.16433416E-157   0.54200224E-28
  -0.81823594E+01   0.64574080E-154   0.40741729E-151  -0.20227799E-27
  -0.81593105E+01   0.10868034E-147   0.66634233E-145   0.75491174E-27
  -0.81362616E+01   0.12198284E-141   0.72674256E-139  -0.28173690E-26
  -0.81132127E+01   0.92272244E-136   0.53414438E-133   0.10514564E-25
  -0.80901638E+01   0.47525951E-130   0.26729714E-127  -0.39240887E-25
  -0.80671149E+01   0.16835887E-124   0.91991052E-122   0.14644899E-24
  -0.80440660E+01   0.41423066E-119   0.21987105E-116  -0.54655506E-24
  -0.80210171E+01   0.71466884E-114   0.36848259E-111   0.20397712E-23
  -0.79979682E+01   0.87273215E-109   0.43706852E-106  -0.76125299E-23
  -0.79749193E+01   0.76125764E-104   0.37027697E-101   0.28410348E-22
  -0.79518704E+01   0.47854639E-99   0.22605581E-96  -0.10602886E-21
  -0.79288215E+01   0.21869199E-94   0.10032083E-91   0.39570511E-21
  -0.79057726E+01   0.73272841E-90   0.32639085E-87  -0.14767916E-20
  -0.78827237E+01   0.18148938E-85   0.78496978E-83   0.55114611E-20
  -0.78596748E+01   0.33501764E-81   0.14068452E-78  -0.20569053E-19
  -0.78366259E+01   0.46453484E-77   0.18938429E-74   0.76764751E-19
  -0.78135770E+01   0.48758028E-73   0.19296963E-70  -0.28648995E-18
  -0.77905281E+01   0.39031333E-69   0.14994900E-66   0.10691950E-17
  -0.77674792E+01   0.24005070E-65   0.89513953E-63  -0.39902902E-17
  -0.77444303E+01   0.11424054E-61   0.41346224E-59   0.14891966E-16
  -0.77213814E+01   0.42363776E-58   0.14880187E-55  -0.55577573E-16
  -0.76983325E+01   0.12324839E-54   0.42011039E-52   0.20741833E-15
  -0.76752836E+01   0.28317974E-51   0.93666247E-49  -0.77409574E-15
  -0.76522347E+01   0.51718753E-48   0.16598853E-45   0.28889646E-14
  -0.76291858E+01   0.75557760E-45   0.23528183E-42  -0.10781763E-13
  -0.76061369E+01   0.88843528E-42   0.26840111E-39   0.40238086E-13
  -0.75830880E+01   0.84584156E-39   0.24789400E-36  -0.15017058E-12
  -0.75600391E+01   0.65584058E-36   0.18644971E-33   0.56044424E-12
  -0.75369902E+01   0.41649248E-33   0.11484767E-30  -0.20916064E-11
  -0.75139413E+01   0.21781221E-30   0.58251597E-28   0.78059813E-11
  -0.74908924E+01   0.94292669E-28   0.24454606E-25  -0.29132319E-10
  -0.74678435E+01   0.33953456E-25   0.85376968E-23   0.10872329E-09
  -0.74447946E+01   0.10211791E-22   0.24888175E-20  -0.40576086E-09
  -0.74217457E+01   0.25727961E-20   0.60734550E-18   0.15143202E-08
  -0.73986968E+01   0.54311876E-18   0.12402485E-15  -0.56515137E-08
  -0.73756479E+01   0.95606161E-16   0.21050575E-13   0.21092802E-07
  -0.73525990E+01   0.13779448E-13   0.29072777E-11  -0.78566223E-07
  -0.73295501E+01   0.15829235E-11   0.31705238E-09   0.31073958E-06
  -0.73065012E+01   0.13796282E-09   0.25792676E-07   0.35817132E-06
  -0.72834523E+01   0.86006004E-08   0.14727702E-05   0.92293994E-04
  -0.72604034E+01   0.36437280E-06   0.55946537E-04   0.35530078E-02
  -0.72373545E+01   0.10116079E-04   0.13626440E-02   0.91814098E-01
  -0.72143056E+01   0.18103722E-03   0.20924555E-01   0.14494511E+01
  -0.71912567E+01   0.20947237E-02   0.20314946E+00   0.13793312E+02
  -0.71682078E+01   0.15976384E-01   0.12702737E+01   0.78544555E+02
  -0.71451589E+01   0.82853714E-01   0.52673021E+01   0.27056578E+03
  -0.71221100E+01   0.30356965E+00   0.14995834E+02   0.57665785E+03
  -0.70990611E+01   0.81929249E+00   0.30365573E+02   0.75463420E+03
  -0.70760122E+01   0.16990117E+01   0.45090278E+02   0.51580960E+03
  -0.70529633E+01   0.28195487E+01   0.49967334E+02  -0.98057151E+02
  -0.70299144E+01   0.38880018E+01   0.40659712E+02  -0.71182145E+03
  -0.70068655E+01   0.46077492E+01   0.21043000E+02  -0.99296692E+03
  -0.69838166E+01   0.48334472E+01  -0.67723893E+00  -0.89614385E+03
  -0.69607677E+01   0.46019708E+01  -0.17705338E+02  -0.58582134E+03
  -0.69377188E+01   0.40615626E+01  -0.27306589E+02  -0.24967214E+03
  -0.69146699E+01   0.33812408E+01  -0.30137043E+02   0.43151523E+01
  -0.68916210E+01   0.26936765E+01  -0.28378044E+02   0.15061477E+03
  -0.68685721E+01   0.20783442E+01  -0.24272807E+02   0.20901920E+03
  -0.68455232E+01   0.15691129E+01  -0.19468190E+02   0.21162082E+03
  -0.68224743E+01   0.11698022E+01  -0.14927260E+02   0.18595017E+03
  -0.67994254E+01   0.86839636E+00  -0.11087684E+02   0.15032376E+03
  -0.67763765E+01   0.64687104E+00  -0.80605953E+01   0.11493178E+03
  -0.67533277E+01   0.48683770E+00  -0.57869298E+01   0.84444443E+02
  -0.67302788E+01   0.37222772E+00  -0.41375709E+01   0.60305453E+02
  -0.67072299E+01   0.29019623E+00  -0.29695995E+01   0.42277724E+02
  -0.66841810E+01   0.23107871E+00  -0.21542305E+01   0.29375958E+02
  -0.66611321E+01   0.18791583E+00  -0.15877789E+01   0.20411434E+02
  -0.66380832E+01   0.15584827E+00  -0.11928643E+01   0.14289691E+02
  -0.66150343E+01   0.13154639E+00  -0.91471086E+00   0.10135985E+02
  -0.65919854E+01   0.11274688E+00  -0.71585557E+00   0.73106466E+01
  -0.65689365E+01   0.97909626E-01  -0.57115867E+00   0.53714463E+01
  -0.65458876E+01   0.85978229E-01  -0.46386555E+00   0.40225312E+01
  -0.65228387E+01   0.76218829E-01  -0.38278684E+00   0.30691373E+01
  -0.64997898E+01   0.68113632E-01  -0.32038811E+00   0.23836145E+01
  -0.64767409E+01   0.61291018E-01  -0.27153388E+00   0.18820079E+01
  -0.64536920E+01   0.55479577E-01  -0.23267262E+00   0.15086231E+01
  -0.64306431E+01   0.50477638E-01  -0.20130938E+00   0.12260747E+01
  -0.64075942E+01   0.46132844E-01  -0.17566298E+00   0.10089222E+01
  -0.63845453E+01   0.42328276E-01  -0.15444135E+00   0.83959864E+00
  -0.63614964E+01   0.38972891E-01  -0.13669257E+00   0.70579138E+00
  -0.63384475E+01   0.35994828E-01  -0.12170481E+00   0.59874082E+00
  -0.63153986E+01   0.33336657E-01  -0.10893824E+00   0.51212379E+00
  -0.62923497E+01   0.30951951E-01  -0.97978078E-01   0.44131126E+00
  -0.62693008E+01   0.28802788E-01  -0.88501614E-01   0.38286859E+00
  -0.62462519E+01   0.26857892E-01  -0.80254924E-01   0.33421466E+00
  -0.62232030E+01   0.25091240E-01  -0.73036061E-01   0.29338629E+00
  -0.62001541E+01   0.23481010E-01  -0.66682830E-01   0.25887332E+00
  -0.61771052E+01   0.22008762E-01  -0.61063775E-01   0.22950177E+00
  -0.61540563E+01   0.20658811E-01  -0.56071450E-01   0.20434985E+00
  -0.61310074E+01   0.19417729E-01  -0.51617346E-01   0.18268715E+00
  -0.61079585E+01   0.18273958E-01  -0.47628024E-01   0.16392986E+00
  -0.60849096E+01   0.17217491E-01  -0.44042137E-01   0.14760760E+00
  -0.60618607E+01   0.16239622E-01  -0.40808115E-01   0.13333850E+00
  -0.60388118E+01   0.15332744E-01  -0.37882357E-01   0.12081039E+00
  -0.60157629E+01   0.14490177E-01  -0.35227793E-01   0.10976639E+00
  -0.59927140E+01   0.13706037E-01  -0.32812745E-01   0.99993811E-01
  -0.59696651E+01   0.12975116E-01  -0.30610013E-01   0.91315510E-01
  -0.59466162E+01   0.12292790E-01  -0.28596136E-01   0.83583173E-01
  -0.59235673E+01   0.11654941E-01  -0.26750792E-01   0.76671968E-01
  -0.59005184E+01   0.11057886E-01  -0.25056304E-01   0.70476324E-01
  -0.58774695E+01   0.10498328E-01  -0.23497243E-01   0.64906543E-01
  -0.58544206E+01   0.99733008E-02  -0.22060090E-01   0.59886089E-01
  -0.58313717E+01   0.94801306E-02  -0.20732957E-01   0.55349385E-01
  -0.58083228E+01   0.90164027E-02  -0.19505362E-01   0.51240022E-01
  -0.57852739E+01   0.85799296E-02  -0.18368031E-01   0.47509300E-01
  -0.57622250E+01   0.81687257E-02  -0.17312734E-01   0.44115026E-01
  -0.57391761E+01   0.77809846E-02  -0.16332149E-01   0.41020518E-01
  -0.57161272E+01   0.74150594E-02  -0.15419744E-01   0.38193787E-01
  -0.56930783E+01   0.70694459E-02  -0.14569677E-01   0.35606848E-01
  -0.56700294E+01   0.67427678E-02  -0.13776711E-01   0.33235147E-01
  -0.56469805E+01   0.64337629E-02  -0.13036138E-01   0.31057083E-01
  -0.56239316E+01   0.61412727E-02  -0.12343720E-01   0.29053598E-01
  -0.56008827E+01   0.58642312E-02  -0.11695631E-01   0.27207835E-01
  -0.55778338E+01   0.56016566E-02  -0.11088413E-01   0.25504851E-01
  -0.55547849E+01   0.53526429E-02  -0.10518929E-01   0.23931361E-01
  -0.55317360E+01   0.51163532E-02  -0.99843339E-02   0.22475534E-01
  -0.55086871E+01   0.48920132E-02  -0.94820405E-02   0.21126808E-01
  -0.54856382E+01   0.46789055E-02  -0.90096910E-02   0.19875732E-01
  -0.54625893E+01   0.44763647E-02  -0.85651338E-02   0.18713835E-01
  -0.54395404E+01   0.42837728E-02  -0.81464030E-02   0.17633508E-01
  -0.54164915E+01   0.41005555E-02  -0.77516986E-02   0.16627905E-01
  -0.53934426E+01   0.39261777E-02  -0.73793707E-02   0.15690852E-01
  -0.53703937E+01   0.37601414E-02  -0.70279048E-02   0.14816775E-01
  -0.53473448E+01   0.36019816E-02  -0.66959083E-02   0.14000630E-01
  -0.53242959E+01   0.34512644E-02  -0.63820996E-02   0.13237849E-01
  -0.53012470E+01   0.33075842E-02  -0.60852972E-02   0.12524283E-01
  -0.52781981E+01   0.31705616E-02  -0.58044110E-02   0.11856163E-01
  -0.52551492E+01   0.30398413E-02  -0.55384336E-02   0.11230057E-01
  -0.52321003E+01   0.29150904E-02  -0.52864333E-02   0.10642837E-01
  -0.52090514E+01   0.27959968E-02  -0.50475473E-02   0.10091647E-01
  -0.51860025E+01   0.26822673E-02  -0.48209755E-02   0.95738767E-02
  -0.51629536E+01   0.25736267E-02  -0.46059757E-02   0.90871363E-02
  -0.51399047E+01   0.24698162E-02  -0.44018583E-02   0.86292362E-02
  -0.51168558E+01   0.23705924E-02  -0.42079820E-02   0.81981669E-02
  -0.50938069E+01   0.22757261E-02  -0.40237499E-02   0.77920825E-02
  -0.50707580E+01   0.21850014E-02  -0.38486062E-02   0.74092849E-02
  -0.50477091E+01   0.20982148E-02  -0.36820322E-02   0.70482109E-02
  -0.50246602E+01   0.20151744E-02  -0.35235442E-02   0.67074191E-02
  -0.50016113E+01   0.19356990E-02  -0.33726901E-02   0.63855799E-02
  -0.49785624E+01   0.18596175E-02  -0.32290475E-02   0.60814647E-02
  -0.49555135E+01   0.17867683E-02  -0.30922211E-02   0.57939377E-02
  -0.49324646E+01   0.17169985E-02  -0.29618409E-02   0.55219475E-02
  -0.49094157E+01   0.16501635E-02  -0.28375601E-02   0.52645201E-02
  -0.48863668E+01   0.15861265E-02  -0.27190536E-02   0.50207523E-02
  -0.48633179E+01   0.15247580E-02  -0.26060164E-02   0.47898059E-02
  -0.48402690E+01   0.14659351E-02  -0.24981620E-02   0.45709021E-02
  -0.48172201E+01   0.14095415E-02  -0.23952213E-02   0.43633170E-02
  -0.47941712E+01   0.13554669E-02  -0.22969412E-02   0.41663768E-02
  -0.47711223E+01   0.13036065E-02  -0.22030838E-02   0.39794541E-02
  -0.47480734E+01   0.12538611E-02  -0.21134250E-02   0.38019643E-02
  -0.47250245E+01   0.12061362E-02  -0.20277536E-02   0.36333619E-02
  -0.47019756E+01   0.11603424E-02  -0.19458708E-02   0.34731378E-02
  -0.46789267E+01   0.11163943E-02  -0.18675891E-02   0.33208167E-02
  -0.46558778E+01   0.10742111E-02  -0.17927314E-02   0.31759538E-02
  -0.46328289E+01   0.10337158E-02  -0.17211307E-02   0.30381335E-02
  -0.46097800E+01   0.99483501E-03  -0.16526291E-02   0.29069666E-02
  -0.45867311E+01   0.95749915E-03  -0.15870777E-02   0.27820885E-02
  -0.45636822E+01   0.92164180E-03  -0.15243354E-02   0.26631574E-02
  -0.45406333E+01   0.88719976E-03  -0.14642689E-02   0.25498531E-02
  -0.45175844E+01   0.85411281E-03  -0.14067520E-02   0.24418746E-02
  -0.44945355E+01   0.82232355E-03  -0.13516652E-02   0.23389397E-02
  -0.44714866E+01   0.79177729E-03  -0.12988954E-02   0.22407830E-02
  -0.44484377E+01   0.76242184E-03  -0.12483354E-02   0.21471551E-02
  -0.44253888E+01   0.73420745E-03  -0.11998834E-02   0.20578214E-02
  -0.44023399E+01   0.70708665E-03  -0.11534431E-02   0.19725611E-02
  -0.43792910E+01   0.68101411E-03  -0.11089230E-02   0.18911662E-02
  -0.43562421E+01   0.65594659E-03  -0.10662364E-02   0.18134408E-02
  -0.43331932E+01   0.63184277E-03  -0.10253007E-02   0.17392004E-02
  -0.43101443E+01   0.60866319E-03  -0.98603769E-03   0.16682708E-02
  -0.42870954E+01   0.58637016E-03  -0.94837296E-03   0.16004877E-02
  -0.42640465E+01   0.56492767E-03  -0.91223579E-03   0.15356959E-02
  -0.42409976E+01   0.54430126E-03  -0.87755894E-03   0.14737491E-02
  -0.42179487E+01   0.52445802E-03  -0.84427845E-03   0.14145087E-02
  -0.41948998E+01   0.50536648E-03  -0.81233345E-03   0.13578440E-02
  -0.41718509E+01   0.48699651E-03  -0.78166603E-03   0.13036312E-02
  -0.41488020E+01   0.46931930E-03  -0.75222102E-03   0.12517533E-02
  -0.41257531E+01   0.45230728E-03  -0.72394590E-03   0.12020994E-02
  -0.41027042E+01   0.43593407E-03  -0.69679063E-03   0.11545647E-02
  -0.40796553E+01   0.42017440E-03  -0.67070751E-03   0.11090498E-02
  -0.40566064E+01   0.40500409E-03  -0.64565110E-03   0.10654605E-02
  -0.40335575E+01   0.39039997E-03  -0.62157804E-03   0.10237076E-02
  -0.40105086E+01   0.37633985E-03  -0.59844699E-03   0.98370634E-03
  -0.39874597E+01   0.36280247E-03  -0.57621852E-03   0.94537644E-03
  -0.39644108E+01   0.34976747E-03  -0.55485498E-03   0.90864168E-03
  -0.39413619E+01   0.33721532E-03  -0.53432045E-03   0.87342969E-03
  -0.39183130E+01   0.32512731E-03  -0.51458064E-03   0.83967175E-03
  -0.38952641E+01   0.31348550E-03  -0.49560277E-03   0.80730257E-03
  -0.38722152E+01   0.30227269E-03  -0.47735558E-03   0.77626012E-03
  -0.38491663E+01   0.29147238E-03  -0.45980916E-03   0.74648540E-03
  -0.38261174E+01   0.28106875E-03  -0.44293495E-03   0.71792233E-03
  -0.38030685E+01   0.27104662E-03  -0.42670563E-03   0.69051756E-03
  -0.37800196E+01   0.26139142E-03  -0.41109511E-03   0.66422034E-03
  -0.37569707E+01   0.25208919E-03  -0.39607841E-03   0.63898233E-03
  -0.37339218E+01   0.24312651E-03  -0.38163165E-03   0.61475755E-03
  -0.37108729E+01   0.23449050E-03  -0.36773200E-03   0.59150219E-03
  -0.36878240E+01   0.22616882E-03  -0.35435758E-03   0.56917452E-03
  -0.36647751E+01   0.21814958E-03  -0.34148749E-03   0.54773477E-03
  -0.36417262E+01   0.21042141E-03  -0.32910169E-03   0.52714505E-03
  -0.36186773E+01   0.20297336E-03  -0.31718101E-03   0.50736922E-03
  -0.35956284E+01   0.19579491E-03  -0.30570710E-03   0.48837283E-03
  -0.35725795E+01   0.18887598E-03  -0.29466237E-03   0.47012301E-03
  -0.35495306E+01   0.18220687E-03  -0.28402998E-03   0.45258841E-03
  -0.35264817E+01   0.17577826E-03  -0.27379378E-03   0.43573911E-03
  -0.35034328E+01   0.16958119E-03  -0.26393832E-03   0.41954654E-03
  -0.34803839E+01   0.16360707E-03  -0.25444877E-03   0.40398344E-03
  -0.34573350E+01   0.15784761E-03  -0.24531094E-03   0.38902375E-03
  -0.34342861E+01   0.15229487E-03  -0.23651119E-03   0.37464261E-03
  -0.34112372E+01   0.14694122E-03  -0.22803648E-03   0.36081624E-03
  -0.33881883E+01   0.14177929E-03  -0.21987427E-03   0.34752195E-03
  -0.33651394E+01   0.13680203E-03  -0.21201256E-03   0.33473801E-03
  -0.33420905E+01   0.13200265E-03  -0.20443983E-03   0.32244368E-03
  -0.33190416E+01   0.12737460E-03  -0.19714501E-03   0.31061912E-03
  -0.32959927E+01   0.12291162E-03  -0.19011751E-03   0.29924535E-03
  -0.32729438E+01   0.11860764E-03  -0.18334714E-03   0.28830421E-03
  -0.32498949E+01   0.11445687E-03  -0.17682413E-03   0.27777834E-03
  -0.32268460E+01   0.11045369E-03  -0.17053911E-03   0.26765112E-03
  -0.32037971E+01   0.10659275E-03  -0.16448306E-03   0.25790664E-03
  -0.31807482E+01   0.10286885E-03  -0.15864736E-03   0.24852968E-03
  -0.31576993E+01   0.99277010E-04  -0.15302368E-03   0.23950566E-03
  -0.31346504E+01   0.95812441E-04  -0.14760407E-03   0.23082061E-03
  -0.31116015E+01   0.92470524E-04  -0.14238086E-03   0.22246117E-03
  -0.30885526E+01   0.89246817E-04  -0.13734670E-03   0.21441452E-03
  -0.30655037E+01   0.86137046E-04  -0.13249451E-03   0.20666840E-03
  -0.30424548E+01   0.83137092E-04  -0.12781752E-03   0.19921105E-03
  -0.30194059E+01   0.80242995E-04  -0.12330919E-03   0.19203120E-03
  -0.29963570E+01   0.77450938E-04  -0.11896326E-03   0.18511805E-03
  -0.29733081E+01   0.74757248E-04  -0.11477369E-03   0.17846123E-03
  -0.29502592E+01   0.72158388E-04  -0.11073469E-03   0.17205083E-03
  -0.29272103E+01   0.69650951E-04  -0.10684070E-03   0.16587732E-03
  -0.29041614E+01   0.67231657E-04  -0.10308636E-03   0.15993157E-03
  -0.28811125E+01   0.64897347E-04  -0.99466529E-04   0.15420481E-03
  -0.28580636E+01   0.62644976E-04  -0.95976245E-04   0.14868866E-03
  -0.28350147E+01   0.60471614E-04  -0.92610753E-04   0.14337504E-03
  -0.28119658E+01   0.58374438E-04  -0.89365475E-04   0.13825621E-03
  -0.27889169E+01   0.56350728E-04  -0.86236007E-04   0.13332476E-03
  -0.27658680E+01   0.54397862E-04  -0.83218113E-04   0.12857355E-03
  -0.27428191E+01   0.52513317E-04  -0.80307717E-04   0.12399574E-03
  -0.27197702E+01   0.50694659E-04  -0.77500900E-04   0.11958477E-03
  -0.26967213E+01   0.48939546E-04  -0.74793890E-04   0.11533432E-03
  -0.26736724E+01   0.47245717E-04  -0.72183056E-04   0.11123834E-03
  -0.26506235E+01   0.45610997E-04  -0.69664905E-04   0.10729101E-03
  -0.26275746E+01   0.44033289E-04  -0.67236077E-04   0.10348674E-03
  -0.26045257E+01   0.42510570E-04  -0.64893337E-04   0.99820175E-04
  -0.25814768E+01   0.41040893E-04  -0.62633569E-04   0.96286144E-04
  -0.25584279E+01   0.39622379E-04  -0.60453777E-04   0.92879697E-04
  -0.25353790E+01   0.38253218E-04  -0.58351076E-04   0.89596072E-04
  -0.25123301E+01   0.36931666E-04  -0.56322687E-04   0.86430693E-04
  -0.24892812E+01   0.35656040E-04  -0.54365937E-04   0.83379162E-04
  -0.24662323E+01   0.34424720E-04  -0.52478249E-04   0.80437250E-04
  -0.24431834E+01   0.33236141E-04  -0.50657145E-04   0.77600894E-04
  -0.24201345E+01   0.32088797E-04  -0.48900238E-04   0.74866187E-04
  -0.23970856E+01   0.30981234E-04  -0.47205227E-04   0.72229370E-04
  -0.23740367E+01   0.29912052E-04  -0.45569899E-04   0.69686832E-04
  -0.23509878E+01   0.28879899E-04  -0.43992120E-04   0.67235099E-04
  -0.23279389E+01   0.27883472E-04  -0.42469837E-04   0.64870829E-04
  -0.23048900E+01   0.26921516E-04  -0.41001070E-04   0.62590808E-04
  -0.22818411E+01   0.25992819E-04  -0.39583915E-04   0.60391944E-04
  -0.22587922E+01   0.25096211E-04  -0.38216534E-04   0.58271265E-04
  -0.22357433E+01   0.24230567E-04  -0.36897159E-04   0.56225909E-04
  -0.22126944E+01   0.23394800E-04  -0.35624086E-04   0.54253123E-04
  -0.21896455E+01   0.22587860E-04  -0.34395672E-04   0.52350258E-04
  -0.21665966E+01   0.21808738E-04  -0.33210336E-04   0.50514767E-04
  -0.21435477E+01   0.21056458E-04  -0.32066554E-04   0.48744195E-04
  -0.21204988E+01   0.20330079E-04  -0.30962856E-04   0.47036183E-04
  -0.20974499E+01   0.19628693E-04  -0.29897826E-04   0.45388460E-04
  -0.20744010E+01   0.18951425E-04  -0.28870101E-04   0.43798837E-04
  -0.20513521E+01   0.18297430E-04  -0.27878366E-04   0.42265211E-04
  -0.20283032E+01   0.17665893E-04  -0.26921353E-04   0.40785557E-04
  -0.20052543E+01   0.17056029E-04  -0.25997842E-04   0.39357922E-04
  -0.19822054E+01   0.16467078E-04  -0.25106655E-04   0.37980432E-04
  -0.19591565E+01   0.15898308E-04  -0.24246656E-04   0.36651278E-04
  -0.19361076E+01   0.15349013E-04  -0.23416753E-04   0.35368720E-04
  -0.19130587E+01   0.14818512E-04  -0.22615891E-04   0.34131084E-04
  -0.18900098E+01   0.14306147E-04  -0.21843053E-04   0.32936757E-04
  -0.18669609E+01   0.13811284E-04  -0.21097258E-04   0.31784187E-04
  -0.18439120E+01   0.13333309E-04  -0.20377562E-04   0.30671881E-04
  -0.18208631E+01   0.12871633E-04  -0.19683054E-04   0.29598399E-04
  -0.17978142E+01   0.12425684E-04  -0.19012854E-04   0.28562357E-04
  -0.17747653E+01   0.11994912E-04  -0.18366115E-04   0.27562423E-04
  -0.17517164E+01   0.11578785E-04  -0.17742019E-04   0.26597313E-04
  -0.17286675E+01   0.11176792E-04  -0.17139779E-04   0.25665795E-04
  -0.17056186E+01   0.10788436E-04  -0.16558634E-04   0.24766680E-04
  -0.16825697E+01   0.10413241E-04  -0.15997849E-04   0.23898826E-04
  -0.16595208E+01   0.10050744E-04  -0.15456719E-04   0.23061134E-04
  -0.16364719E+01   0.97005012E-05  -0.14934558E-04   0.22252547E-04
  -0.16134230E+01   0.93620826E-05  -0.14430709E-04   0.21472049E-04
  -0.15903741E+01   0.90350735E-05  -0.13944536E-04   0.20718664E-04
  -0.15673252E+01   0.87190736E-05  -0.13475423E-04   0.19991454E-04
  -0.15442763E+01   0.84136964E-05  -0.13022780E-04   0.19289517E-04
  -0.15212274E+01   0.81185689E-05  -0.12586032E-04   0.18611987E-04
  -0.14981785E+01   0.78333312E-05  -0.12164627E-04   0.17958036E-04
  -0.14751296E+01   0.75576357E-05  -0.11758031E-04   0.17326865E-04
  -0.14520807E+01   0.72911471E-05  -0.11365727E-04   0.16717712E-04
  -0.14290318E+01   0.70335417E-05  -0.10987217E-04   0.16129844E-04
  -0.14059829E+01   0.67845071E-05  -0.10622019E-04   0.15562562E-04
  -0.13829340E+01   0.65437420E-05  -0.10269665E-04   0.15015196E-04
  -0.13598851E+01   0.63109554E-05  -0.99297032E-05   0.14487104E-04
  -0.13368362E+01   0.60858667E-05  -0.96016976E-05   0.13977676E-04
  -0.13137873E+01   0.58682053E-05  -0.92852242E-05   0.13486326E-04
  -0.12907384E+01   0.56577101E-05  -0.89798730E-05   0.13012498E-04
  -0.12676895E+01   0.54541294E-05  -0.86852462E-05   0.12555661E-04
  -0.12446406E+01   0.52572202E-05  -0.84009580E-05   0.12115310E-04
  -0.12215917E+01   0.50667488E-05  -0.81266341E-05   0.11690965E-04
  -0.11985428E+01   0.48824897E-05  -0.78619108E-05   0.11282168E-04
  -0.11754939E+01   0.47042255E-05  -0.76064348E-05   0.10888486E-04
  -0.11524450E+01   0.45317471E-05  -0.73598626E-05   0.10509506E-04
  -0.11293961E+01   0.43648532E-05  -0.71218598E-05   0.10144836E-04
  -0.11063472E+01   0.42033501E-05  -0.68921009E-05   0.97941033E-05
  -0.10832983E+01   0.40470512E-05  -0.66702688E-05   0.94569541E-05
  -0.10602494E+01   0.38957775E-05  -0.64560544E-05   0.91330501E-05
  -0.10372005E+01   0.37493570E-05  -0.62491560E-05   0.88220679E-05
  -0.10141516E+01   0.36076243E-05  -0.60492796E-05   0.85236975E-05
  -0.99110269E+00   0.34704209E-05  -0.58561378E-05   0.82376396E-05
  -0.96805379E+00   0.33375948E-05  -0.56694502E-05   0.79636041E-05
  -0.94500489E+00   0.32090005E-05  -0.54889429E-05   0.77013073E-05
  -0.92195599E+00   0.30844985E-05  -0.53143488E-05   0.74504697E-05
  -0.89890709E+00   0.29639556E-05  -0.51454068E-05   0.72108133E-05
  -0.87585819E+00   0.28472443E-05  -0.49818624E-05   0.69820587E-05
  -0.85280929E+00   0.27342433E-05  -0.48234677E-05   0.67639225E-05
  -0.82976039E+00   0.26248365E-05  -0.46699811E-05   0.65561143E-05
  -0.80671149E+00   0.25189136E-05  -0.45211682E-05   0.63583338E-05
  -0.78366259E+00   0.24163694E-05  -0.43768013E-05   0.61702679E-05
  -0.76061369E+00   0.23171040E-05  -0.42366603E-05   0.59915884E-05
  -0.73756479E+00   0.22210224E-05  -0.41005328E-05   0.58219490E-05
  -0.71451589E+00   0.21280345E-05  -0.39682146E-05   0.56609840E-05
  -0.69146699E+00   0.20380548E-05  -0.38395102E-05   0.55083059E-05
  -0.66841810E+00   0.19510021E-05  -0.37142333E-05   0.53635046E-05
  -0.64536920E+00   0.18667994E-05  -0.35922072E-05   0.52261471E-05
  -0.62232030E+00   0.17853737E-05  -0.34732657E-05   0.50957772E-05
  -0.59927140E+00   0.17066557E-05  -0.33572531E-05   0.49719168E-05
  -0.57622250E+00   0.16305796E-05  -0.32440251E-05   0.48540677E-05
  -0.55317360E+00   0.15570827E-05  -0.31334490E-05   0.47417143E-05
  -0.53012470E+00   0.14861053E-05  -0.30254043E-05   0.46343269E-05
  -0.50707580E+00   0.14175903E-05  -0.29197828E-05   0.45313660E-05
  -0.48402690E+00   0.13514829E-05  -0.28164885E-05   0.44322879E-05
  -0.46097800E+00   0.12877305E-05  -0.27154384E-05   0.43365497E-05
  -0.43792910E+00   0.12262821E-05  -0.26165616E-05   0.42436163E-05
  -0.41488020E+00   0.11670884E-05  -0.25197995E-05   0.41529662E-05
  -0.39183130E+00   0.11101011E-05  -0.24251053E-05   0.40640988E-05
  -0.36878240E+00   0.10552730E-05  -0.23324434E-05   0.39765407E-05
  -0.34573350E+00   0.10025575E-05  -0.22417888E-05   0.38898521E-05
  -0.32268460E+00   0.95190847E-06  -0.21531262E-05   0.38036326E-05
  -0.29963570E+00   0.90328019E-06  -0.20664489E-05   0.37175266E-05
  -0.27658680E+00   0.85662683E-06  -0.19817577E-05   0.36312262E-05
  -0.25353790E+00   0.81190253E-06  -0.18990614E-05   0.35444788E-05
  -0.23048900E+00   0.76906118E-06  -0.18183681E-05   0.34570734E-05
  -0.20744010E+00   0.72805634E-06  -0.17397112E-05   0.33689003E-05
  -0.18439120E+00   0.68884115E-06  -0.16630492E-05   0.32797299E-05
  -0.16134230E+00   0.65136827E-06  -0.15886306E-05   0.31900363E-05
  -0.13829340E+00   0.61558989E-06  -0.15156274E-05   0.30979145E-05
  -0.11524450E+00   0.58145771E-06  -0.14472303E-05   0.30105733E-05
  -0.92195599E-01   0.54892296E-06  -0.13716269E-05   0.29014236E-05
  -0.69146699E-01   0.51793651E-06  -0.13329879E-05   0.28702071E-05
  -0.46097800E-01   0.48844885E-06  -0.11665371E-05   0.25453625E-05
  -0.23048900E-01   0.46041028E-06  -0.14872864E-05   0.33143986E-05
   0.00000000E+00   0.43377094E-06   0.18815723E-12   0.00000000E+00
