   0.10000000E+11   0.99999998E+00
   0.97721470E+10   0.99999998E+00
   0.95494856E+10   0.99999998E+00
   0.93318977E+10   0.99999998E+00
   0.91192676E+10   0.99999998E+00
   0.89114823E+10   0.99999998E+00
   0.87084315E+10   0.99999998E+00
   0.85100072E+10   0.99999998E+00
   0.83161042E+10   0.99999998E+00
   0.81266192E+10   0.99999999E+00
   0.79414517E+10   0.99999998E+00
   0.77605033E+10   0.99999999E+00
   0.75836779E+10   0.99999999E+00
   0.74108815E+10   0.99999999E+00
   0.72420223E+10   0.99999999E+00
   0.70770107E+10   0.99999999E+00
   0.69157588E+10   0.99999999E+00
   0.67581812E+10   0.99999999E+00
   0.66041940E+10   0.99999999E+00
   0.64537154E+10   0.99999999E+00
   0.63066655E+10   0.99999999E+00
   0.61629663E+10   0.99999999E+00
   0.60225412E+10   0.99999999E+00
   0.58853158E+10   0.99999999E+00
   0.57512171E+10   0.99999999E+00
   0.56201738E+10   0.99999999E+00
   0.54921165E+10   0.99999999E+00
   0.53669769E+10   0.99999999E+00
   0.52446887E+10   0.99999999E+00
   0.51251869E+10   0.99999999E+00
   0.50084080E+10   0.99999999E+00
   0.48942899E+10   0.99999999E+00
   0.47827720E+10   0.99999999E+00
   0.46737951E+10   0.10000000E+01
   0.45673013E+10   0.99999999E+00
   0.44632339E+10   0.10000000E+01
   0.43615378E+10   0.10000000E+01
   0.42621588E+10   0.10000000E+01
   0.41650442E+10   0.99999999E+00
   0.40701425E+10   0.10000000E+01
   0.39774030E+10   0.10000000E+01
   0.38867767E+10   0.10000000E+01
   0.37982153E+10   0.10000000E+01
   0.37116718E+10   0.99999999E+00
   0.36271003E+10   0.10000000E+01
   0.35444557E+10   0.10000000E+01
   0.34636942E+10   0.99999999E+00
   0.33847729E+10   0.10000000E+01
   0.33076498E+10   0.10000000E+01
   0.32322840E+10   0.99999999E+00
   0.31586354E+10   0.10000000E+01
   0.30866649E+10   0.10000000E+01
   0.30163343E+10   0.99999999E+00
   0.29476063E+10   0.10000000E+01
   0.28804442E+10   0.10000000E+01
   0.28148124E+10   0.99999997E+00
   0.27506760E+10   0.10000000E+01
   0.26880010E+10   0.10000000E+01
   0.26267541E+10   0.10000000E+01
   0.25669027E+10   0.10000000E+01
   0.25084151E+10   0.10000000E+01
   0.24512601E+10   0.10000000E+01
   0.23954074E+10   0.10000000E+01
   0.23408273E+10   0.10000000E+01
   0.22874908E+10   0.10000000E+01
   0.22353696E+10   0.10000000E+01
   0.21844361E+10   0.10000000E+01
   0.21346630E+10   0.10000000E+01
   0.20860241E+10   0.10000000E+01
   0.20384934E+10   0.10000000E+01
   0.19920457E+10   0.10000000E+01
   0.19466563E+10   0.10000000E+01
   0.19023012E+10   0.99999997E+00
   0.18589567E+10   0.10000000E+01
   0.18165998E+10   0.10000000E+01
   0.17752080E+10   0.10000000E+01
   0.17347594E+10   0.10000000E+01
   0.16952323E+10   0.10000000E+01
   0.16566060E+10   0.10000000E+01
   0.16188597E+10   0.10000000E+01
   0.15819735E+10   0.10000000E+01
   0.15459277E+10   0.10000000E+01
   0.15107033E+10   0.10000000E+01
   0.14762815E+10   0.10000000E+01
   0.14426440E+10   0.10000000E+01
   0.14097729E+10   0.10000000E+01
   0.13776508E+10   0.10000000E+01
   0.13462606E+10   0.10000000E+01
   0.13155856E+10   0.10000000E+01
   0.12856096E+10   0.10000000E+01
   0.12563166E+10   0.10000000E+01
   0.12276910E+10   0.10000000E+01
   0.11997177E+10   0.10000000E+01
   0.11723818E+10   0.10000000E+01
   0.11456687E+10   0.10000000E+01
   0.11195643E+10   0.10000000E+01
   0.10940547E+10   0.10000000E+01
   0.10691263E+10   0.10000000E+01
   0.10447660E+10   0.10000000E+01
   0.10209607E+10   0.10000000E+01
   0.99769776E+09   0.10000000E+01
   0.97496492E+09   0.10000000E+01
   0.95275005E+09   0.10000000E+01
   0.93104135E+09   0.10000000E+01
   0.90982729E+09   0.10000000E+01
   0.88909660E+09   0.10000000E+01
   0.86883826E+09   0.10000000E+01
   0.84904152E+09   0.10000000E+01
   0.82969585E+09   0.10000000E+01
   0.81079098E+09   0.10000000E+01
   0.79231686E+09   0.10000000E+01
   0.77426368E+09   0.10000000E+01
   0.75662185E+09   0.10000000E+01
   0.73938199E+09   0.10000000E+01
   0.72253495E+09   0.10000000E+01
   0.70607177E+09   0.10000000E+01
   0.68998371E+09   0.10000000E+01
   0.67426222E+09   0.10000000E+01
   0.65889895E+09   0.10000000E+01
   0.64388574E+09   0.10000000E+01
   0.62921461E+09   0.10000000E+01
   0.61487776E+09   0.10000000E+01
   0.60086759E+09   0.10000000E+01
   0.58717664E+09   0.10000000E+01
   0.57379764E+09   0.10000000E+01
   0.56072349E+09   0.10000000E+01
   0.54794723E+09   0.10000000E+01
   0.53546209E+09   0.10000000E+01
   0.52326142E+09   0.10000000E+01
   0.51133875E+09   0.10000000E+01
   0.49968774E+09   0.10000000E+01
   0.48830221E+09   0.10000000E+01
   0.47717609E+09   0.10000000E+01
   0.46630349E+09   0.10000000E+01
   0.45567863E+09   0.10000000E+01
   0.44529585E+09   0.10000000E+01
   0.43514965E+09   0.10000000E+01
   0.42523463E+09   0.10000000E+01
   0.41554553E+09   0.10000000E+01
   0.40607720E+09   0.10000000E+01
   0.39682461E+09   0.10000000E+01
   0.38778284E+09   0.10000000E+01
   0.37894709E+09   0.10000000E+01
   0.37031267E+09   0.10000000E+01
   0.36187498E+09   0.10000000E+01
   0.35362955E+09   0.10000000E+01
   0.34557199E+09   0.10000000E+01
   0.33769803E+09   0.10000000E+01
   0.33000348E+09   0.10000000E+01
   0.32248425E+09   0.10000000E+01
   0.31513635E+09   0.10000000E+01
   0.30795587E+09   0.10000000E+01
   0.30093900E+09   0.10000000E+01
   0.29408202E+09   0.10000000E+01
   0.28738127E+09   0.10000000E+01
   0.28083320E+09   0.10000000E+01
   0.27443433E+09   0.10000000E+01
   0.26818126E+09   0.10000000E+01
   0.26207067E+09   0.10000000E+01
   0.25609931E+09   0.10000000E+01
   0.25026401E+09   0.10000000E+01
   0.24456167E+09   0.10000000E+01
   0.23898926E+09   0.10000000E+01
   0.23354381E+09   0.10000000E+01
   0.22822245E+09   0.10000000E+01
   0.22302233E+09   0.10000000E+01
   0.21794070E+09   0.10000000E+01
   0.21297485E+09   0.10000000E+01
   0.20812216E+09   0.10000000E+01
   0.20338003E+09   0.10000000E+01
   0.19874595E+09   0.10000000E+01
   0.19421747E+09   0.10000000E+01
   0.18979216E+09   0.10000000E+01
   0.18546769E+09   0.10000000E+01
   0.18124175E+09   0.10000000E+01
   0.17711211E+09   0.10000000E+01
   0.17307655E+09   0.10000000E+01
   0.16913295E+09   0.10000000E+01
   0.16527921E+09   0.10000000E+01
   0.16151327E+09   0.10000000E+01
   0.15783314E+09   0.10000000E+01
   0.15423686E+09   0.10000000E+01
   0.15072253E+09   0.10000000E+01
   0.14728827E+09   0.10000000E+01
   0.14393226E+09   0.10000000E+01
   0.14065272E+09   0.10000000E+01
   0.13744791E+09   0.10000000E+01
   0.13431612E+09   0.10000000E+01
   0.13125568E+09   0.10000000E+01
   0.12826498E+09   0.10000000E+01
   0.12534243E+09   0.10000000E+01
   0.12248646E+09   0.10000000E+01
   0.11969557E+09   0.10000000E+01
   0.11696827E+09   0.10000000E+01
   0.11430311E+09   0.10000000E+01
   0.11169868E+09   0.10000000E+01
   0.10915359E+09   0.10000000E+01
   0.10666649E+09   0.10000000E+01
   0.10423607E+09   0.10000000E+01
   0.10186102E+09   0.10000000E+01
   0.99540082E+08   0.10000000E+01
   0.97272031E+08   0.10000000E+01
   0.95055658E+08   0.10000000E+01
   0.92889786E+08   0.10000000E+01
   0.90773264E+08   0.10000000E+01
   0.88704968E+08   0.10000000E+01
   0.86683798E+08   0.10000000E+01
   0.84708682E+08   0.10000000E+01
   0.82778569E+08   0.10000000E+01
   0.80892434E+08   0.10000000E+01
   0.79049275E+08   0.10000000E+01
   0.77248114E+08   0.10000000E+01
   0.75487992E+08   0.10000000E+01
   0.73767975E+08   0.10000000E+01
   0.72087149E+08   0.10000000E+01
   0.70444622E+08   0.10000000E+01
   0.68839520E+08   0.10000000E+01
   0.67270990E+08   0.10000000E+01
   0.65738200E+08   0.10000000E+01
   0.64240336E+08   0.10000000E+01
   0.62776600E+08   0.10000000E+01
   0.61346216E+08   0.10000000E+01
   0.59948424E+08   0.10000000E+01
   0.58582481E+08   0.10000000E+01
   0.57247661E+08   0.10000000E+01
   0.55943256E+08   0.10000000E+01
   0.54668572E+08   0.10000000E+01
   0.53422932E+08   0.10000000E+01
   0.52205674E+08   0.10000000E+01
   0.51016152E+08   0.10000000E+01
   0.49853734E+08   0.10000000E+01
   0.48717801E+08   0.10000000E+01
   0.47607751E+08   0.10000000E+01
   0.46522994E+08   0.10000000E+01
   0.45462954E+08   0.10000000E+01
   0.44427066E+08   0.10000000E+01
   0.43414782E+08   0.10000000E+01
   0.42425563E+08   0.10000000E+01
   0.41458884E+08   0.10000000E+01
   0.40514231E+08   0.10000000E+01
   0.39591102E+08   0.10000000E+01
   0.38689006E+08   0.10000000E+01
   0.37807466E+08   0.10000000E+01
   0.36946011E+08   0.10000000E+01
   0.36104185E+08   0.10000000E+01
   0.35281540E+08   0.10000000E+01
   0.34477640E+08   0.10000000E+01
   0.33692056E+08   0.10000000E+01
   0.32924372E+08   0.10000000E+01
   0.32174181E+08   0.10000000E+01
   0.31441082E+08   0.10000000E+01
   0.30724687E+08   0.10000000E+01
   0.30024616E+08   0.10000000E+01
   0.29340496E+08   0.10000000E+01
   0.28671964E+08   0.10000000E+01
   0.28018665E+08   0.10000000E+01
   0.27380251E+08   0.10000000E+01
   0.26756383E+08   0.10000000E+01
   0.26146731E+08   0.10000000E+01
   0.25550970E+08   0.10000000E+01
   0.24968783E+08   0.10000000E+01
   0.24399862E+08   0.10000000E+01
   0.23843904E+08   0.10000000E+01
   0.23300613E+08   0.10000000E+01
   0.22769702E+08   0.10000000E+01
   0.22250887E+08   0.10000000E+01
   0.21743894E+08   0.10000000E+01
   0.21248453E+08   0.10000000E+01
   0.20764300E+08   0.10000000E+01
   0.20291179E+08   0.10000000E+01
   0.19828838E+08   0.10000000E+01
   0.19377032E+08   0.10000000E+01
   0.18935521E+08   0.10000000E+01
   0.18504069E+08   0.10000000E+01
   0.18082448E+08   0.10000000E+01
   0.17670434E+08   0.10000000E+01
   0.17267808E+08   0.10000000E+01
   0.16874356E+08   0.10000000E+01
   0.16489868E+08   0.10000000E+01
   0.16114142E+08   0.10000000E+01
   0.15746976E+08   0.10000000E+01
   0.15388177E+08   0.10000000E+01
   0.15037552E+08   0.10000000E+01
   0.14694917E+08   0.10000000E+01
   0.14360089E+08   0.10000000E+01
   0.14032890E+08   0.10000000E+01
   0.13713146E+08   0.10000000E+01
   0.13400688E+08   0.10000000E+01
   0.13095349E+08   0.10000000E+01
   0.12796968E+08   0.10000000E+01
   0.12505385E+08   0.10000000E+01
   0.12220446E+08   0.10000000E+01
   0.11941999E+08   0.10000000E+01
   0.11669897E+08   0.10000000E+01
   0.11403995E+08   0.10000000E+01
   0.11144152E+08   0.10000000E+01
   0.10890229E+08   0.10000000E+01
   0.10642091E+08   0.10000000E+01
   0.10399608E+08   0.10000000E+01
   0.10162650E+08   0.10000000E+01
   0.99310908E+07   0.10000000E+01
   0.97048079E+07   0.10000000E+01
   0.94836809E+07   0.10000000E+01
   0.92675923E+07   0.10000000E+01
   0.90564274E+07   0.10000000E+01
   0.88500739E+07   0.10000000E+01
   0.86484223E+07   0.10001221E+01
   0.84513653E+07   0.10000000E+01
   0.82587984E+07   0.10000000E+01
   0.80706191E+07   0.10000000E+01
   0.78867276E+07   0.10000000E+01
   0.77070261E+07   0.10000000E+01
   0.75314192E+07   0.10000000E+01
   0.73598135E+07   0.10000000E+01
   0.71921179E+07   0.10000000E+01
   0.70282433E+07   0.10000000E+01
   0.68681026E+07   0.10000000E+01
   0.67116108E+07   0.10000000E+01
   0.65586847E+07   0.10000000E+01
   0.64092430E+07   0.10000000E+01
   0.62632065E+07   0.10000000E+01
   0.61204974E+07   0.10000000E+01
   0.59810400E+07   0.10000000E+01
   0.58447601E+07   0.10000000E+01
   0.57115855E+07   0.10000000E+01
   0.55814452E+07   0.10000000E+01
   0.54542703E+07   0.10000000E+01
   0.53299931E+07   0.10000000E+01
   0.52085476E+07   0.10000000E+01
   0.50898692E+07   0.10000000E+01
   0.49738950E+07   0.10000000E+01
   0.48605632E+07   0.10000000E+01
   0.47498138E+07   0.10000000E+01
   0.46415878E+07   0.10000000E+01
   0.45358278E+07   0.10000000E+01
   0.44324776E+07   0.10000000E+01
   0.43314822E+07   0.10000000E+01
   0.42327881E+07   0.10000000E+01
   0.41363427E+07   0.10000000E+01
   0.40420948E+07   0.10000000E+01
   0.39499945E+07   0.10000000E+01
   0.38599926E+07   0.10000000E+01
   0.37720415E+07   0.10000000E+01
   0.36860944E+07   0.10000000E+01
   0.36021056E+07   0.10000000E+01
   0.35200305E+07   0.10000000E+01
   0.34398255E+07   0.10000000E+01
   0.33614480E+07   0.10000000E+01
   0.32848564E+07   0.10000000E+01
   0.32100099E+07   0.10000000E+01
   0.31368688E+07   0.10000000E+01
   0.30653943E+07   0.10000000E+01
   0.29955483E+07   0.10000000E+01
   0.29272938E+07   0.10000000E+01
   0.28605945E+07   0.10000000E+01
   0.27954150E+07   0.10000000E+01
   0.27317206E+07   0.10000000E+01
   0.26694775E+07   0.10000000E+01
   0.26086526E+07   0.10000000E+01
   0.25492137E+07   0.10000000E+01
   0.24911290E+07   0.10000000E+01
   0.24343679E+07   0.10000000E+01
   0.23789000E+07   0.10000000E+01
   0.23246961E+07   0.10000000E+01
   0.22717271E+07   0.10000000E+01
   0.22199651E+07   0.10000000E+01
   0.21693825E+07   0.10000000E+01
   0.21199525E+07   0.10000000E+01
   0.20716487E+07   0.10000000E+01
   0.20244455E+07   0.10000000E+01
   0.19783179E+07   0.10000000E+01
   0.19332413E+07   0.10000000E+01
   0.18891918E+07   0.10000000E+01
   0.18461459E+07   0.10000000E+01
   0.18040809E+07   0.10000000E+01
   0.17629744E+07   0.10000000E+01
   0.17228044E+07   0.10000000E+01
   0.16835498E+07   0.10000000E+01
   0.16451896E+07   0.10000000E+01
   0.16077034E+07   0.10000000E+01
   0.15710714E+07   0.10000000E+01
   0.15352740E+07   0.10000000E+01
   0.15002923E+07   0.10000000E+01
   0.14661077E+07   0.10000000E+01
   0.14327020E+07   0.10000000E+01
   0.14000574E+07   0.10000000E+01
   0.13681566E+07   0.10000000E+01
   0.13369827E+07   0.10000000E+01
   0.13065192E+07   0.10000000E+01
   0.12767497E+07   0.10000000E+01
   0.12476586E+07   0.10000000E+01
   0.12192303E+07   0.10000000E+01
   0.11914497E+07   0.10000000E+01
   0.11643021E+07   0.10000000E+01
   0.11377731E+07   0.10000000E+01
   0.11118486E+07   0.10000000E+01
   0.10865148E+07   0.10000000E+01
   0.10617582E+07   0.10000000E+01
   0.10375657E+07   0.10000000E+01
   0.10139244E+07   0.10000000E+01
   0.99082181E+06   0.10000000E+01
   0.96824561E+06   0.10000000E+01
   0.94618382E+06   0.10000000E+01
   0.92462471E+06   0.10000000E+01
   0.90355683E+06   0.10000000E+01
   0.88296900E+06   0.10000000E+01
   0.86285026E+06   0.10000000E+01
   0.84318993E+06   0.10000000E+01
   0.82397757E+06   0.10000000E+01
   0.80520297E+06   0.10000000E+01
   0.78685615E+06   0.10000000E+01
   0.76892737E+06   0.10000000E+01
   0.75140711E+06   0.10000000E+01
   0.73428604E+06   0.10000000E+01
   0.71755509E+06   0.10000000E+01
   0.70120536E+06   0.10000000E+01
   0.68522816E+06   0.10000000E+01
   0.66961501E+06   0.10000000E+01
   0.65435760E+06   0.10000000E+01
   0.63944784E+06   0.10000000E+01
   0.62487781E+06   0.10000000E+01
   0.61063975E+06   0.10000000E+01
   0.59672612E+06   0.10000000E+01
   0.58312951E+06   0.10000000E+01
   0.56984271E+06   0.10000000E+01
   0.55685864E+06   0.10000000E+01
   0.54417043E+06   0.10000000E+01
   0.53177132E+06   0.10000000E+01
   0.51965472E+06   0.10000000E+01
   0.50781421E+06   0.10000000E+01
   0.49624349E+06   0.10000000E+01
   0.48493641E+06   0.10000000E+01
   0.47388696E+06   0.10000000E+01
   0.46308928E+06   0.10000000E+01
   0.45253763E+06   0.10000000E+01
   0.44222640E+06   0.10000000E+01
   0.43215011E+06   0.10000000E+01
   0.42230342E+06   0.10000000E+01
   0.41268108E+06   0.10000000E+01
   0.40327800E+06   0.10000000E+01
   0.39408916E+06   0.10000000E+01
   0.38510970E+06   0.10000000E+01
   0.37633484E+06   0.10000000E+01
   0.36775991E+06   0.10000000E+01
   0.35938037E+06   0.10000000E+01
   0.35119175E+06   0.10000000E+01
   0.34318972E+06   0.10000000E+01
   0.33537002E+06   0.10000000E+01
   0.32772848E+06   0.10000000E+01
   0.32026107E+06   0.10000000E+01
   0.31296380E+06   0.10000000E+01
   0.30583280E+06   0.10000000E+01
   0.29886429E+06   0.10000000E+01
   0.29205455E+06   0.10000000E+01
   0.28539998E+06   0.10000000E+01
   0.27889703E+06   0.10000000E+01
   0.27254225E+06   0.10000000E+01
   0.26633227E+06   0.10000000E+01
   0.26026379E+06   0.10000000E+01
   0.25433358E+06   0.10000000E+01
   0.24853849E+06   0.10000000E+01
   0.24287544E+06   0.10000000E+01
   0.23734143E+06   0.10000000E+01
   0.23193351E+06   0.10000000E+01
   0.22664881E+06   0.10000000E+01
   0.22148452E+06   0.10000000E+01
   0.21643791E+06   0.10000000E+01
   0.21150628E+06   0.10000000E+01
   0.20668702E+06   0.10000000E+01
   0.20197758E+06   0.10000000E+01
   0.19737543E+06   0.10000000E+01
   0.19287815E+06   0.10000000E+01
   0.18848334E+06   0.10000000E+01
   0.18418867E+06   0.10000000E+01
   0.17999185E+06   0.10000000E+01
   0.17589066E+06   0.10000000E+01
   0.17188291E+06   0.10000000E+01
   0.16796649E+06   0.10000000E+01
   0.16413930E+06   0.10000000E+01
   0.16039931E+06   0.10000000E+01
   0.15674454E+06   0.10000000E+01
   0.15317305E+06   0.10000000E+01
   0.14968293E+06   0.10000000E+01
   0.14627234E+06   0.10000000E+01
   0.14293945E+06   0.10000000E+01
   0.13968251E+06   0.10000000E+01
   0.13649978E+06   0.10000000E+01
   0.13338957E+06   0.10000000E+01
   0.13035022E+06   0.10000000E+01
   0.12738013E+06   0.10000000E+01
   0.12447771E+06   0.10000000E+01
   0.12164143E+06   0.10000000E+01
   0.11886977E+06   0.10000000E+01
   0.11616126E+06   0.10000000E+01
   0.11351447E+06   0.10000000E+01
   0.11092799E+06   0.10000000E+01
   0.10840044E+06   0.10000000E+01
   0.10593048E+06   0.10000000E+01
   0.10351680E+06   0.10000000E+01
   0.10115811E+06   0.10000000E+01
   0.98853170E+05   0.10000000E+01
   0.96600748E+05   0.10000000E+01
   0.94399648E+05   0.10000000E+01
   0.92248701E+05   0.10000000E+01
   0.90146763E+05   0.10000000E+01
   0.88092719E+05   0.10000000E+01
   0.86085477E+05   0.10000000E+01
   0.84123970E+05   0.10000000E+01
   0.82207158E+05   0.10000000E+01
   0.80334020E+05   0.10000000E+01
   0.78503562E+05   0.10000000E+01
   0.76714812E+05   0.10000000E+01
   0.74966819E+05   0.10000000E+01
   0.73258654E+05   0.10000000E+01
   0.71589411E+05   0.10000000E+01
   0.69958202E+05   0.10000000E+01
   0.68364160E+05   0.10000000E+01
   0.66806439E+05   0.10000000E+01
   0.65284211E+05   0.10000000E+01
   0.63796668E+05   0.10000000E+01
   0.62343019E+05   0.10000000E+01
   0.60922492E+05   0.10000000E+01
   0.59534331E+05   0.10000000E+01
   0.58177801E+05   0.10000000E+01
   0.56852179E+05   0.10000000E+01
   0.55556762E+05   0.10000000E+01
   0.54290862E+05   0.10000000E+01
   0.53053805E+05   0.10000000E+01
   0.51844935E+05   0.10000000E+01
   0.50663610E+05   0.10000000E+01
   0.49509202E+05   0.10000000E+01
   0.48381097E+05   0.10000000E+01
   0.47278696E+05   0.10000000E+01
   0.46201414E+05   0.10000000E+01
   0.45148678E+05   0.10000000E+01
   0.44119929E+05   0.10000000E+01
   0.43114620E+05   0.10000000E+01
   0.42132217E+05   0.10000000E+01
   0.41172199E+05   0.10000000E+01
   0.40234055E+05   0.10000000E+01
   0.39317288E+05   0.10000000E+01
   0.38421408E+05   0.10000000E+01
   0.37545942E+05   0.10000000E+01
   0.36690424E+05   0.10000000E+01
   0.35854399E+05   0.10000000E+01
   0.35037422E+05   0.10000000E+01
   0.34239061E+05   0.10000000E+01
   0.33458891E+05   0.10000000E+01
   0.32696497E+05   0.10000000E+01
   0.31951475E+05   0.10000000E+01
   0.31223428E+05   0.10000000E+01
   0.30511970E+05   0.10000000E+01
   0.29816723E+05   0.10000000E+01
   0.29137317E+05   0.10000000E+01
   0.28473392E+05   0.10000000E+01
   0.27824594E+05   0.10000000E+01
   0.27190579E+05   0.10000000E+01
   0.26571011E+05   0.10000000E+01
   0.25965560E+05   0.10000000E+01
   0.25373904E+05   0.10000000E+01
   0.24795729E+05   0.10000000E+01
   0.24230728E+05   0.10000000E+01
   0.23678601E+05   0.10000000E+01
   0.23139054E+05   0.10000000E+01
   0.22611801E+05   0.10000000E+01
   0.22096561E+05   0.10000000E+01
   0.21593062E+05   0.10000000E+01
   0.21101034E+05   0.10000000E+01
   0.20620218E+05   0.10000000E+01
   0.20150357E+05   0.10000000E+01
   0.19691203E+05   0.10000000E+01
   0.19242510E+05   0.10000000E+01
   0.18804041E+05   0.10000000E+01
   0.18375562E+05   0.10000000E+01
   0.17956846E+05   0.10000000E+01
   0.17547671E+05   0.10000000E+01
   0.17147820E+05   0.10000000E+01
   0.16757079E+05   0.10000000E+01
   0.16375241E+05   0.10000000E+01
   0.16002103E+05   0.10000000E+01
   0.15637468E+05   0.10000000E+01
   0.15281140E+05   0.10000000E+01
   0.14932932E+05   0.10000000E+01
   0.14592658E+05   0.10000000E+01
   0.14260137E+05   0.10000000E+01
   0.13935193E+05   0.10000000E+01
   0.13617652E+05   0.10000000E+01
   0.13307347E+05   0.10000000E+01
   0.13004113E+05   0.10000000E+01
   0.12707787E+05   0.10000000E+01
   0.12418214E+05   0.10000000E+01
   0.12135238E+05   0.10000000E+01
   0.11858710E+05   0.10000000E+01
   0.11588483E+05   0.10000000E+01
   0.11324413E+05   0.10000000E+01
   0.11066360E+05   0.10000000E+01
   0.10814187E+05   0.10000000E+01
   0.10567760E+05   0.10000000E+01
   0.10326947E+05   0.10000000E+01
   0.10091622E+05   0.10000000E+01
   0.98616585E+04   0.10000000E+01
   0.96369348E+04   0.10000000E+01
   0.94173315E+04   0.10000000E+01
   0.92027320E+04   0.10000000E+01
   0.89930222E+04   0.10000000E+01
   0.87880907E+04   0.10000000E+01
   0.85878286E+04   0.10000000E+01
   0.83921295E+04   0.10000000E+01
   0.82008895E+04   0.10000000E+01
   0.80140070E+04   0.10000000E+01
   0.78313826E+04   0.10000000E+01
   0.76529194E+04   0.10000000E+01
   0.74785225E+04   0.10000000E+01
   0.73080993E+04   0.10000000E+01
   0.71415593E+04   0.10000000E+01
   0.69788139E+04   0.10000000E+01
   0.68197767E+04   0.10000000E+01
   0.66643633E+04   0.10000000E+01
   0.65124909E+04   0.10000000E+01
   0.63640791E+04   0.10000000E+01
   0.62190488E+04   0.10000000E+01
   0.60773231E+04   0.10000000E+01
   0.59388267E+04   0.10000000E+01
   0.58034859E+04   0.10000000E+01
   0.56712290E+04   0.10000000E+01
   0.55419855E+04   0.10000000E+01
   0.54156869E+04   0.10000000E+01
   0.52922661E+04   0.10000000E+01
   0.51716574E+04   0.10000000E+01
   0.50537968E+04   0.10000000E+01
   0.49386217E+04   0.10000000E+01
   0.48260710E+04   0.10000000E+01
   0.47160847E+04   0.10000000E+01
   0.46086045E+04   0.10000000E+01
   0.45035733E+04   0.10000000E+01
   0.44009352E+04   0.10000000E+01
   0.43006358E+04   0.10000000E+01
   0.42026217E+04   0.10000000E+01
   0.41068409E+04   0.10000000E+01
   0.40132425E+04   0.10000000E+01
   0.39217768E+04   0.10000000E+01
   0.38323951E+04   0.10000000E+01
   0.37450500E+04   0.10000000E+01
   0.36596951E+04   0.10000000E+01
   0.35762851E+04   0.10000000E+01
   0.34947756E+04   0.10000000E+01
   0.34151233E+04   0.10000000E+01
   0.33372859E+04   0.10000000E+01
   0.32612220E+04   0.10000000E+01
   0.31868913E+04   0.10000000E+01
   0.31142542E+04   0.10000000E+01
   0.30432722E+04   0.10000000E+01
   0.29739075E+04   0.10000000E+01
   0.29061234E+04   0.10000000E+01
   0.28398837E+04   0.10000000E+01
   0.27751533E+04   0.99999999E+00
   0.27118978E+04   0.10000000E+01
   0.26500836E+04   0.99999999E+00
   0.25896779E+04   0.99999999E+00
   0.25306485E+04   0.99999997E+00
   0.24729641E+04   0.99999996E+00
   0.24165941E+04   0.99999993E+00
   0.23615085E+04   0.99999988E+00
   0.23076780E+04   0.99999980E+00
   0.22550741E+04   0.99999964E+00
   0.22036687E+04   0.99999937E+00
   0.21534347E+04   0.99999889E+00
   0.21043452E+04   0.99999798E+00
   0.20563743E+04   0.99999630E+00
   0.20094964E+04   0.99999311E+00
   0.19636866E+04   0.99998697E+00
   0.19189207E+04   0.99997496E+00
   0.18751747E+04   0.99995112E+00
   0.18324255E+04   0.99990300E+00
   0.17906503E+04   0.99980426E+00
   0.17498270E+04   0.99959824E+00
   0.17099339E+04   0.99916115E+00
   0.16709498E+04   0.99821855E+00
   0.16328539E+04   0.99615515E+00
   0.15956260E+04   0.99158656E+00
   0.15592464E+04   0.98144326E+00
   0.15236957E+04   0.96371701E+00
   0.14889551E+04   0.93231701E+00
   0.14550060E+04   0.88622246E+00
   0.14218305E+04   0.82634181E+00
   0.13894108E+04   0.75557136E+00
   0.13577299E+04   0.67781796E+00
   0.13267708E+04   0.59712773E+00
   0.12965172E+04   0.51708769E+00
   0.12669528E+04   0.44053784E+00
   0.12380622E+04   0.36951655E+00
   0.12098298E+04   0.30532999E+00
   0.11822406E+04   0.24866536E+00
   0.11552801E+04   0.19970914E+00
   0.11289339E+04   0.15825890E+00
   0.11031881E+04   0.12382733E+00
   0.10780288E+04   0.95738204E-01
   0.10534428E+04   0.73211675E-01
   0.10294170E+04   0.55435636E-01
   0.10059386E+04   0.41620552E-01
   0.98299523E+03   0.31037268E-01
   0.96057460E+03   0.23039184E-01
   0.93866483E+03   0.17071590E-01
   0.91725428E+03   0.12671557E-01
   0.89633158E+03   0.94616964E-02
   0.87588561E+03   0.71406379E-02
   0.85590551E+03   0.54723809E-02
   0.83638065E+03   0.42758501E-02
   0.81730068E+03   0.34152291E-02
   0.79865545E+03   0.27911359E-02
   0.78043506E+03   0.23326035E-02
   0.76262983E+03   0.19899960E-02
   0.74523029E+03   0.17290848E-02
   0.72822721E+03   0.15264147E-02
   0.71161154E+03   0.13658942E-02
   0.69537447E+03   0.12364038E-02
   0.67950737E+03   0.11301700E-02
   0.66400180E+03   0.10416802E-02
   0.64884954E+03   0.96696257E-03
   0.63404252E+03   0.90310808E-03
   0.61957288E+03   0.84795136E-03
   0.60543294E+03   0.79985480E-03
   0.59161518E+03   0.75756122E-03
   0.57811226E+03   0.72009176E-03
   0.56491702E+03   0.68667413E-03
   0.55202243E+03   0.65669158E-03
   0.53942164E+03   0.62964594E-03
   0.52710797E+03   0.60513067E-03
   0.51507487E+03   0.58281080E-03
   0.50331595E+03   0.56240791E-03
   0.49182496E+03   0.54368871E-03
   0.48059579E+03   0.52645625E-03
   0.46962248E+03   0.51054315E-03
   0.45889921E+03   0.49580622E-03
   0.44842027E+03   0.48212227E-03
   0.43818009E+03   0.46938471E-03
   0.42817324E+03   0.45750088E-03
   0.41839440E+03   0.44638981E-03
   0.40883837E+03   0.43598045E-03
   0.39950008E+03   0.42621022E-03
   0.39037456E+03   0.41702372E-03
   0.38145697E+03   0.40837181E-03
   0.37274257E+03   0.40021068E-03
   0.36422674E+03   0.39250118E-03
   0.35590493E+03   0.38520821E-03
   0.34777275E+03   0.37830023E-03
   0.33982585E+03   0.37174877E-03
   0.33206003E+03   0.36552812E-03
   0.32447116E+03   0.35961497E-03
   0.31705520E+03   0.35398814E-03
   0.30980822E+03   0.34862834E-03
   0.30272636E+03   0.34351800E-03
   0.29580586E+03   0.33864102E-03
   0.28904305E+03   0.33398268E-03
   0.28243433E+03   0.32952945E-03
   0.27597619E+03   0.32526888E-03
   0.26966521E+03   0.32118954E-03
   0.26349802E+03   0.31728085E-03
   0.25747135E+03   0.31353304E-03
   0.25158200E+03   0.30993708E-03
   0.24582685E+03   0.30648460E-03
   0.24020282E+03   0.30316780E-03
   0.23470694E+03   0.29997947E-03
   0.22933629E+03   0.29691288E-03
   0.22408801E+03   0.29396176E-03
   0.21895931E+03   0.29112026E-03
   0.21394747E+03   0.28838292E-03
   0.20904982E+03   0.28574462E-03
   0.20426378E+03   0.28320058E-03
   0.19958678E+03   0.28074633E-03
   0.19501635E+03   0.27837764E-03
   0.19055006E+03   0.27609057E-03
   0.18618553E+03   0.27388140E-03
   0.18192045E+03   0.27174665E-03
   0.17775255E+03   0.26968300E-03
   0.17367962E+03   0.26768737E-03
   0.16969949E+03   0.26575682E-03
   0.16581005E+03   0.26388859E-03
   0.16200924E+03   0.26208006E-03
   0.15829502E+03   0.26032876E-03
   0.15466544E+03   0.25863235E-03
   0.15111855E+03   0.25698861E-03
   0.14765248E+03   0.25539545E-03
   0.14426539E+03   0.25385086E-03
   0.14095548E+03   0.25235296E-03
   0.13772098E+03   0.25089995E-03
   0.13456018E+03   0.24949012E-03
   0.13147140E+03   0.24812184E-03
   0.12845300E+03   0.24679357E-03
   0.12550337E+03   0.24550383E-03
   0.12262095E+03   0.24425122E-03
   0.11980421E+03   0.24303441E-03
   0.11705165E+03   0.24185210E-03
   0.11436181E+03   0.24070309E-03
   0.11173326E+03   0.23958620E-03
   0.10916459E+03   0.23850034E-03
   0.10665446E+03   0.23744443E-03
   0.10420152E+03   0.23641745E-03
   0.10180447E+03   0.23541843E-03
   0.99462042E+02   0.23444645E-03
   0.97172984E+02   0.23350060E-03
   0.94936083E+02   0.23258003E-03
   0.92750150E+02   0.23168392E-03
   0.90614025E+02   0.23081149E-03
   0.88526571E+02   0.22996197E-03
   0.86486681E+02   0.22913465E-03
   0.84493271E+02   0.22832882E-03
   0.82545281E+02   0.22754381E-03
   0.80641676E+02   0.22677900E-03
   0.78781446E+02   0.22603374E-03
   0.76963601E+02   0.22530746E-03
   0.75187177E+02   0.22459957E-03
   0.73451229E+02   0.22390954E-03
   0.71754835E+02   0.22323681E-03
   0.70097094E+02   0.22258090E-03
   0.68477125E+02   0.22194129E-03
   0.66894068E+02   0.22131753E-03
   0.65347081E+02   0.22070914E-03
   0.63835343E+02   0.22011569E-03
   0.62358050E+02   0.21953676E-03
   0.60914418E+02   0.21897192E-03
   0.59503679E+02   0.21842079E-03
   0.58125084E+02   0.21788298E-03
   0.56777901E+02   0.21735812E-03
   0.55461414E+02   0.21684585E-03
   0.54174924E+02   0.21634583E-03
   0.52917746E+02   0.21585772E-03
   0.51689214E+02   0.21538120E-03
   0.50488675E+02   0.21491596E-03
   0.49315489E+02   0.21446168E-03
   0.48169036E+02   0.21401809E-03
   0.47048704E+02   0.21358490E-03
   0.45953900E+02   0.21316182E-03
   0.44884041E+02   0.21274860E-03
   0.43838559E+02   0.21234498E-03
   0.42816899E+02   0.21195071E-03
   0.41818518E+02   0.21156554E-03
   0.40842885E+02   0.21118925E-03
   0.39889482E+02   0.21082160E-03
   0.38957803E+02   0.21046237E-03
   0.38047352E+02   0.21011135E-03
   0.37157647E+02   0.20976834E-03
   0.36288213E+02   0.20943312E-03
   0.35438590E+02   0.20910551E-03
   0.34608326E+02   0.20878532E-03
   0.33796979E+02   0.20847235E-03
   0.33004119E+02   0.20816644E-03
   0.32229325E+02   0.20786741E-03
   0.31472185E+02   0.20757508E-03
   0.30732296E+02   0.20728930E-03
   0.30009266E+02   0.20700991E-03
   0.29302711E+02   0.20673675E-03
   0.28612254E+02   0.20646966E-03
   0.27937530E+02   0.20620851E-03
   0.27278180E+02   0.20595315E-03
   0.26633853E+02   0.20570345E-03
   0.26004207E+02   0.20545926E-03
   0.25388908E+02   0.20522045E-03
   0.24787629E+02   0.20498691E-03
   0.24200050E+02   0.20475850E-03
   0.23625859E+02   0.20453510E-03
   0.23064752E+02   0.20431660E-03
   0.22516429E+02   0.20410288E-03
   0.21980600E+02   0.20389383E-03
   0.21456980E+02   0.20368935E-03
   0.20945291E+02   0.20348931E-03
   0.20445261E+02   0.20329363E-03
   0.19956624E+02   0.20310221E-03
   0.19479121E+02   0.20291493E-03
   0.19012498E+02   0.20273172E-03
   0.18556507E+02   0.20255247E-03
   0.18110906E+02   0.20237710E-03
   0.17675458E+02   0.20220552E-03
   0.17249932E+02   0.20203764E-03
   0.16834102E+02   0.20187337E-03
   0.16427747E+02   0.20171264E-03
   0.16030650E+02   0.20155537E-03
   0.15642602E+02   0.20140148E-03
   0.15263395E+02   0.20125089E-03
   0.14892829E+02   0.20110352E-03
   0.14530706E+02   0.20095932E-03
   0.14176834E+02   0.20081820E-03
   0.13831025E+02   0.20068010E-03
   0.13493096E+02   0.20054495E-03
   0.13162866E+02   0.20041269E-03
   0.12840161E+02   0.20028325E-03
   0.12524809E+02   0.20015657E-03
   0.12216642E+02   0.20003258E-03
   0.11915497E+02   0.19991124E-03
   0.11621213E+02   0.19979248E-03
   0.11333635E+02   0.19967624E-03
   0.11052609E+02   0.19956247E-03
   0.10777987E+02   0.19945113E-03
   0.10509622E+02   0.19934214E-03
   0.10247372E+02   0.19923547E-03
   0.99910970E+01   0.19913106E-03
   0.97406615E+01   0.19902886E-03
   0.94959323E+01   0.19892883E-03
   0.92567793E+01   0.19883091E-03
   0.90230755E+01   0.19873508E-03
   0.87946967E+01   0.19864127E-03
   0.85715215E+01   0.19854944E-03
   0.83534315E+01   0.19845956E-03
   0.81403107E+01   0.19837158E-03
   0.79320460E+01   0.19828546E-03
   0.77285266E+01   0.19820117E-03
   0.75296445E+01   0.19811866E-03
   0.73352940E+01   0.19803789E-03
   0.71453718E+01   0.19795883E-03
   0.69597770E+01   0.19788144E-03
   0.67784111E+01   0.19780569E-03
   0.66011776E+01   0.19773155E-03
   0.64279825E+01   0.19765897E-03
   0.62587337E+01   0.19758793E-03
   0.60933412E+01   0.19751840E-03
   0.59317173E+01   0.19745034E-03
   0.57737760E+01   0.19738372E-03
   0.56194335E+01   0.19731852E-03
   0.54686077E+01   0.19725470E-03
   0.53212185E+01   0.19719223E-03
   0.51771876E+01   0.19713110E-03
   0.50364385E+01   0.19707126E-03
   0.48988964E+01   0.19701270E-03
   0.47644883E+01   0.19695539E-03
   0.46331427E+01   0.19689931E-03
   0.45047898E+01   0.19684442E-03
   0.43793615E+01   0.19679071E-03
   0.42567911E+01   0.19673815E-03
   0.41370135E+01   0.19668671E-03
   0.40199651E+01   0.19663639E-03
   0.39055837E+01   0.19658715E-03
   0.37938085E+01   0.19653897E-03
   0.36845801E+01   0.19649184E-03
   0.35778405E+01   0.19644573E-03
   0.34735331E+01   0.19640062E-03
   0.33716022E+01   0.19635650E-03
   0.32719940E+01   0.19631334E-03
   0.31746553E+01   0.19627114E-03
   0.30795345E+01   0.19622986E-03
   0.29865811E+01   0.19618949E-03
   0.28957456E+01   0.19615002E-03
   0.28069799E+01   0.19611143E-03
   0.27202367E+01   0.19607371E-03
   0.26354700E+01   0.19603683E-03
   0.25526347E+01   0.19600079E-03
   0.24716868E+01   0.19596556E-03
   0.23925834E+01   0.19593114E-03
   0.23152823E+01   0.19589752E-03
   0.22397426E+01   0.19586467E-03
   0.21659241E+01   0.19583258E-03
   0.20937876E+01   0.19580125E-03
   0.20232947E+01   0.19577066E-03
   0.19544080E+01   0.19574079E-03
   0.18870909E+01   0.19571164E-03
   0.18213077E+01   0.19568320E-03
   0.17570233E+01   0.19565545E-03
   0.16942037E+01   0.19562839E-03
   0.16328155E+01   0.19560200E-03
   0.15728260E+01   0.19557627E-03
   0.15142033E+01   0.19555120E-03
   0.14569165E+01   0.19552677E-03
   0.14009349E+01   0.19550297E-03
   0.13462288E+01   0.19547980E-03
   0.12927693E+01   0.19545725E-03
   0.12405279E+01   0.19543531E-03
   0.11894768E+01   0.19541396E-03
   0.11395889E+01   0.19539321E-03
   0.10908377E+01   0.19537303E-03
   0.10431973E+01   0.19535344E-03
   0.99664245E+00   0.19533441E-03
   0.95114835E+00   0.19531593E-03
   0.90669084E+00   0.19529801E-03
   0.86324631E+00   0.19528063E-03
   0.82079168E+00   0.19526378E-03
   0.77930439E+00   0.19524745E-03
   0.73876240E+00   0.19523165E-03
   0.69914417E+00   0.19521635E-03
   0.66042866E+00   0.19520155E-03
   0.62259529E+00   0.19518725E-03
   0.58562396E+00   0.19517343E-03
   0.54949504E+00   0.19516008E-03
   0.51418933E+00   0.19514720E-03
   0.47968806E+00   0.19513478E-03
   0.44597292E+00   0.19512280E-03
   0.41302599E+00   0.19511127E-03
   0.38082977E+00   0.19510016E-03
   0.34936714E+00   0.19508947E-03
   0.31862140E+00   0.19507919E-03
   0.28857621E+00   0.19506932E-03
   0.25921561E+00   0.19505983E-03
   0.23052400E+00   0.19505072E-03
   0.20248614E+00   0.19504198E-03
   0.17508713E+00   0.19503360E-03
   0.14831241E+00   0.19502557E-03
   0.12214777E+00   0.19501788E-03
   0.96579291E-01   0.19501052E-03
   0.71593400E-01   0.19500348E-03
   0.47176819E-01   0.19499674E-03
   0.23316578E-01   0.19499031E-03
   0.00000000E+00   0.19498416E-03
